Seq	Header	Comment	Total segment length	A	C	G	T	GC content %	# soft-masked bases	Is circular: 
1	h1tg000001l		51317275	15581784	10088548	10060793	15586150	39.26	0	N
2	h1tg000002l		34632735	10403692	6918163	6905508	10405372	39.92	0	N
3	h1tg000003l		59377836	18014668	11731310	11638807	17993051	39.36	0	N
4	h1tg000004l		38027376	11524382	7473569	7506629	11522796	39.39	0	N
5	h1tg000005l		39657523	11954888	7853657	7859159	11989819	39.62	0	N
6	h1tg000006l		28751543	8692468	5642168	5679416	8737491	39.38	0	N
7	h1tg000007l		41957522	12681753	8316763	8322106	12636900	39.66	0	N
8	h1tg000008l		61728905	18653045	12184965	12191786	18699109	39.49	0	N
9	h1tg000009l		39833816	12005760	7924497	7892044	12011515	39.71	0	N
10	h1tg000010l		33387284	10075060	6608064	6625293	10078867	39.64	0	N
11	h1tg000011l		51144871	15434505	10210279	10161001	15339086	39.83	0	N
12	h1tg000012l		60816	13444	15355	17795	14222	54.51	0	N
13	h1tg000013l		62380	18737	12390	12897	18356	40.54	0	N
14	h1tg000014l		59960	17701	12248	12096	17915	40.60	0	N
15	h1tg000015l		20552085	6163992	4118933	4131929	6137131	40.15	0	N
16	h1tg000016l		53734	16792	10323	10348	16271	38.47	0	N
17	h1tg000017l		24857132	7495277	4864147	4913571	7584137	39.34	0	N
18	h1tg000018l		86610	25892	16865	16811	27042	38.88	0	N
19	h1tg000019l		1375876	415147	264420	265441	430868	38.51	0	N
20	h1tg000020l		201921	44815	50991	58665	47450	54.31	0	N
21	h1tg000021l		56568	12867	15621	15496	12584	55.01	0	N
22	h1tg000022l		904300	287436	172972	170465	273427	37.98	0	N
23	h1tg000023l		667715	198892	135823	133452	199548	40.33	0	N
24	h1tg000024l		60951	18898	11463	11517	19073	37.70	0	N
25	h1tg000025l		278569	66664	79974	69891	62040	53.80	0	N
26	h1tg000026l		91315	27634	18273	18296	27112	40.05	0	N
27	h1tg000027l		841948	255806	164460	165068	256614	39.14	0	N
28	h1tg000028l		76640	22318	14557	15067	24698	38.65	0	N
29	h1tg000029l		1848943	512117	337855	445162	553809	42.35	0	N
30	h1tg000030l		84140	25186	16626	16986	25342	39.95	0	N
31	h1tg000031l		56188	17313	11408	10743	16724	39.42	0	N
32	h1tg000032l		170643	51343	32764	32224	54312	38.08	0	N
33	h1tg000033l		56623	17237	10927	11478	16981	39.57	0	N
34	h1tg000034l		67289	20206	13335	14050	19698	40.70	0	N
35	h1tg000035l		68513	20640	12421	13737	21715	38.18	0	N
36	h1tg000036l		144589	44304	27085	27443	45757	37.71	0	N
37	h1tg000037l		64440	17548	14619	14844	17429	45.72	0	N
38	h1tg000038l		373591	110621	74891	72396	115683	39.42	0	N
39	h1tg000039l		373533	109566	73211	76625	114131	40.11	0	N
40	h1tg000040l		73873	22867	14744	14417	21845	39.47	0	N
41	h1tg000041l		58330	13317	17231	14834	12948	54.97	0	N
42	h1tg000042l		83892	25363	15601	16271	26657	37.99	0	N
43	h1tg000043l		52224	16402	9642	10028	16152	37.66	0	N
44	h1tg000044l		161493	36412	39999	45499	39583	52.94	0	N
45	h1tg000045l		277928	83041	56077	56583	82227	40.54	0	N
46	h1tg000046l		297002	67663	87387	75963	65889	55.02	0	N
47	h1tg000047l		67113	20097	13146	13416	20454	39.58	0	N
48	h1tg000048l		2412901	732264	472534	482669	725434	39.59	0	N
49	h1tg000049l		57594	17436	10798	11099	18261	38.02	0	N
50	h1tg000050l		1144081	348515	225021	221262	349283	39.01	0	N
51	h1tg000051l		272541	80326	55923	56965	79327	41.42	0	N
52	h1tg000052l		82001	24441	16052	16303	25205	39.46	0	N
53	h1tg000053l		65437	19720	13384	12759	19574	39.95	0	N
54	h1tg000054l		138633	42704	27407	27012	41510	39.25	0	N
55	h1tg000055l		63528	19401	12552	12158	19417	38.90	0	N
56	h1tg000056l		65459	20112	12771	12392	20184	38.44	0	N
57	h1tg000057l		76389	23334	15626	15450	21979	40.68	0	N
58	h1tg000058l		186908	56781	36872	35997	57258	38.99	0	N
59	h1tg000059l		67440	20426	12512	13254	21248	38.21	0	N
60	h1tg000060l		58999	18415	11601	10734	18249	37.86	0	N
61	h1tg000061l		57028	17211	11641	11522	16654	40.62	0	N
62	h1tg000062l		124889	39495	23829	23512	38053	37.91	0	N
63	h1tg000063l		622172	186141	122327	124740	188964	39.71	0	N
64	h1tg000064l		46840	14095	8974	9455	14316	39.34	0	N
65	h1tg000065l		84672	25532	16798	16305	26037	39.10	0	N
66	h1tg000066l		356182	86020	100170	89398	80594	53.22	0	N
67	h1tg000067l		69200	21071	13347	13957	20825	39.46	0	N
68	h1tg000068l		125221	38321	24592	23880	38428	38.71	0	N
69	h1tg000069l		53583	16309	9533	10864	16877	38.07	0	N
70	h1tg000070l		86699	26996	17093	17381	25229	39.76	0	N
71	h1tg000071l		57024	17673	10698	11096	17557	38.22	0	N
72	h1tg000072l		73890	22945	14036	14152	22757	38.15	0	N
73	h1tg000073l		198533	63153	37206	37364	60810	37.56	0	N
74	h1tg000074l		252006	75914	49630	50051	76411	39.56	0	N
75	h1tg000075l		70793	21795	13752	14470	20776	39.87	0	N
76	h1tg000076l		59714	18310	12773	12099	16532	41.65	0	N
77	h1tg000077l		81474	25218	16341	15359	24556	38.91	0	N
78	h1tg000078l		114005	33957	21985	22277	35786	38.82	0	N
79	h1tg000079l		56381	18318	10839	10175	17049	37.27	0	N
80	h1tg000080l		56707	17606	10711	11019	17371	38.32	0	N
81	h1tg000081l		148148	44903	30254	28965	44026	39.97	0	N
82	h1tg000082l		77346	23670	15260	16075	22341	40.51	0	N
83	h1tg000083l		56644	17637	11291	10971	16745	39.30	0	N
84	h1tg000084l		313939	96966	61757	59231	95985	38.54	0	N
85	h1tg000085l		85483	26642	16143	16158	26540	37.79	0	N
86	h1tg000086l		81226	26206	15624	15848	23548	38.75	0	N
87	h1tg000087l		49866	15993	9783	8808	15282	37.28	0	N
88	h1tg000088l		60187	18371	11913	11191	18712	38.39	0	N
89	h1tg000089l		53211	15936	10332	10892	16051	39.89	0	N
90	h1tg000090l		122550	36174	25442	24843	36091	41.03	0	N
91	h1tg000091l		49923	14685	10524	9630	15084	40.37	0	N
92	h1tg000092l		50243	14747	9980	10098	15418	39.96	0	N
93	h1tg000093l		85589	24975	16829	17704	26081	40.35	0	N
94	h1tg000094l		93832	29190	18747	18046	27849	39.21	0	N
95	h1tg000095l		67303	21149	12355	12703	21096	37.23	0	N
96	h1tg000096l		105642	34499	19649	18015	33479	35.65	0	N
97	h1tg000097l		184918	57245	34887	35081	57705	37.84	0	N
98	h1tg000098l		131581	39947	27832	25038	38764	40.18	0	N
99	h1tg000099l		188018	56227	37410	36732	57649	39.43	0	N
100	h1tg000100l		45807	13787	9076	9065	13879	39.60	0	N
101	h1tg000101l		43878	17022	15400	2724	8732	41.31	0	N
102	h1tg000102l		70936	20636	14879	14777	20644	41.81	0	N
103	h1tg000103l		124581	37061	25583	24580	37357	40.27	0	N
104	h1tg000104l		237998	71425	47244	46945	72384	39.58	0	N
105	h1tg000105l		136306	37456	30674	31103	37073	45.32	0	N
106	h1tg000106l		77812	24767	14597	14649	23799	37.59	0	N
107	h1tg000107l		90792	27308	18226	18092	27166	40.00	0	N
108	h1tg000108l		75235	23496	15150	13583	23006	38.19	0	N
109	h1tg000109l		214149	60243	46825	46823	60258	43.73	0	N
110	h1tg000110l		99513	29169	19722	20353	30269	40.27	0	N
111	h1tg000111l		54847	15372	11791	11739	15945	42.90	0	N
112	h1tg000112l		61585	18608	11974	12665	18338	40.01	0	N
113	h1tg000113l		74314	22482	14929	14774	22129	39.97	0	N
114	h1tg000114l		76839	23093	15381	15126	23239	39.70	0	N
115	h1tg000115l		140028	42361	28330	27270	42067	39.71	0	N
116	h1tg000116l		58344	17193	12129	12014	17008	41.38	0	N
117	h1tg000117l		55702	16638	11910	11014	16140	41.15	0	N
118	h1tg000118l		134355	41607	26258	26002	40488	38.90	0	N
119	h1tg000119l		290087	70076	82223	72215	65573	53.24	0	N
120	h1tg000120l		151886	46213	30050	30337	45286	39.76	0	N
121	h1tg000121l		60254	18541	12747	11817	17149	40.77	0	N
122	h1tg000122l		59622	18034	12545	11751	17292	40.75	0	N
123	h1tg000123l		657348	201615	130131	129362	196240	39.48	0	N
124	h1tg000124l		60672	17783	11905	12453	18531	40.15	0	N
125	h1tg000125l		109200	33784	21413	21547	32456	39.34	0	N
126	h1tg000126l		145316	45512	27263	27304	45237	37.55	0	N
127	h1tg000127l		93134	28852	17594	16996	29692	37.14	0	N
128	h1tg000128l		64153	19626	12843	12590	19094	39.64	0	N
129	h1tg000129l		108286	32212	22335	20917	32822	39.94	0	N
130	h1tg000130l		64130	19217	12679	12865	19369	39.83	0	N
131	h1tg000131l		235672	52826	58775	66284	57787	53.06	0	N
132	h1tg000132l		78504	24085	14463	15782	24174	38.53	0	N
133	h1tg000133l		86441	26429	17612	16754	25646	39.76	0	N
134	h1tg000134l		51075	15272	9624	9492	16687	37.43	0	N
135	h1tg000135l		64423	19286	12454	12758	19925	39.14	0	N
136	h1tg000136l		56604	17320	11505	10540	17239	38.95	0	N
137	h1tg000137l		181630	53962	35539	34790	57339	38.72	0	N
138	h1tg000138l		53228	16384	10410	10401	16033	39.10	0	N
139	h1tg000139l		228093	53074	56715	63156	55148	52.55	0	N
140	h1tg000140l		114967	35269	22435	23403	33860	39.87	0	N
141	h1tg000141l		94967	28444	19491	17892	29140	39.36	0	N
142	h1tg000142l		73650	22152	15029	14782	21687	40.48	0	N
143	h1tg000143l		109509	34518	20779	20261	33951	37.48	0	N
144	h1tg000144l		53612	16368	10814	10365	16065	39.50	0	N
145	h1tg000145l		92011	25487	20647	19723	26154	43.88	0	N
146	h1tg000146l		50093	15060	10170	9813	15050	39.89	0	N
147	h1tg000147l		79839	25295	16157	15400	22987	39.53	0	N
148	h1tg000148l		132411	39895	25791	25904	40821	39.04	0	N
149	h1tg000149l		459825	140435	92294	91287	135809	39.92	0	N
150	h1tg000150l		56291	17892	10830	10273	17296	37.49	0	N
151	h1tg000151l		81253	25326	15519	15087	25321	37.67	0	N
152	h1tg000152l		58776	19016	11257	10614	17889	37.21	0	N
153	h1tg000153l		65328	19630	13410	12423	19865	39.54	0	N
154	h1tg000154l		43642	10485	12410	10943	9804	53.51	0	N
155	h1tg000155l		91628	27043	18620	18273	27692	40.26	0	N
156	h1tg000156l		63151	18714	12383	13214	18840	40.53	0	N
157	h1tg000157l		171821	52571	33735	33244	52271	38.98	0	N
158	h1tg000158l		86306	19870	23480	24288	18668	55.35	0	N
159	h1tg000159l		52998	16123	10717	10147	16011	39.37	0	N
160	h1tg000160l		68000	20937	12923	12865	21275	37.92	0	N
161	h1tg000161l		125396	38294	24241	25188	37673	39.42	0	N
162	h1tg000162l		73195	21734	14860	14178	22423	39.67	0	N
163	h1tg000163l		74609	23269	13957	14473	22910	38.11	0	N
164	h1tg000164l		175227	52549	34281	34910	53487	39.49	0	N
165	h1tg000165l		153416	48566	27201	28706	48943	36.44	0	N
166	h1tg000166l		448249	135224	91092	89759	132174	40.35	0	N
167	h1tg000167l		567504	172403	110907	106560	177634	38.32	0	N
168	h1tg000168l		133362	38733	25691	27622	41316	39.98	0	N
169	h1tg000169l		84386	25961	16272	16601	25552	38.96	0	N
170	h1tg000170l		85713	26246	18035	15306	26126	38.90	0	N
171	h1tg000171l		81831	24059	15992	16553	25227	39.77	0	N
172	h1tg000172l		223695	67845	43041	45383	67426	39.53	0	N
173	h1tg000173l		70075	21511	14014	14940	19610	41.32	0	N
174	h1tg000174l		53035	16206	9719	10037	17073	37.25	0	N
175	h1tg000175l		61253	18444	12011	11678	19120	38.67	0	N
176	h1tg000176l		98521	28773	19881	20489	29378	40.98	0	N
177	h1tg000177l		81339	25088	15789	15494	24968	38.46	0	N
178	h1tg000178l		80611	24128	16986	15884	23613	40.78	0	N
179	h1tg000179l		59724	18617	11561	11564	17982	38.72	0	N
180	h1tg000180l		86473	26593	15896	18138	25846	39.36	0	N
181	h1tg000181l		59694	17033	11445	12583	18633	40.25	0	N
182	h1tg000182l		59911	18575	11851	11239	18246	38.54	0	N
183	h1tg000183l		40059	12000	7949	7983	12127	39.77	0	N
184	h1tg000184l		119217	34947	23522	23371	37377	39.33	0	N
185	h1tg000185l		44949	14542	8087	8856	13464	37.69	0	N
186	h1tg000186l		37433	11569	6875	7122	11867	37.39	0	N
187	h1tg000187l		46962	14498	8942	9382	14140	39.02	0	N
188	h1tg000188l		62360	18980	12758	11808	18814	39.39	0	N
189	h1tg000189l		63177	19389	13126	12015	18647	39.79	0	N
190	h1tg000190l		73805	21322	15086	15515	21882	41.46	0	N
191	h1tg000191l		42060	10118	12122	10539	9281	53.88	0	N
192	h1tg000192l		74906	22454	15189	14827	22436	40.07	0	N
193	h1tg000193l		137912	41117	26395	27385	43015	39.00	0	N
194	h1tg000194l		67099	20784	13066	13064	20185	38.94	0	N
195	h1tg000195l		89344	27456	18093	16689	27106	38.93	0	N
196	h1tg000196l		48445	14503	9870	9338	14734	39.65	0	N
197	h1tg000197l		148148	48342	28236	28936	42634	38.59	0	N
198	h1tg000198l		116421	25996	32049	32109	26267	55.11	0	N
199	h1tg000199l		55519	15434	12635	12486	14964	45.25	0	N
200	h1tg000200l		543111	168516	102533	103560	168502	37.95	0	N
201	h1tg000201l		96651	27175	20800	20722	27954	42.96	0	N
202	h1tg000202l		66948	20425	13684	13319	19520	40.33	0	N
203	h1tg000203l		54267	16230	10310	11619	16108	40.41	0	N
204	h1tg000204l		49900	14882	10280	9738	15000	40.12	0	N
205	h1tg000205l		52582	15922	10866	10210	15584	40.08	0	N
206	h1tg000206l		70241	21478	13120	14236	21407	38.95	0	N
207	h1tg000207l		70820	20192	14820	14628	21180	41.58	0	N
208	h1tg000208l		44237	13630	8199	8935	13473	38.73	0	N
209	h1tg000209l		110551	32156	23029	22640	32726	41.31	0	N
210	h1tg000210l		136297	40231	27079	27293	41694	39.89	0	N
211	h1tg000211l		145079	32124	37031	42899	33025	55.09	0	N
212	h1tg000212l		58852	17724	12584	11157	17387	40.34	0	N
213	h1tg000213l		114052	33146	23848	23008	34050	41.08	0	N
214	h1tg000214l		59447	16809	12077	12817	17744	41.88	0	N
215	h1tg000215l		54413	12073	15153	14829	12358	55.10	0	N
216	h1tg000216l		98955	29870	20038	20133	28914	40.60	0	N
217	h1tg000217l		77518	23184	15482	15755	23097	40.30	0	N
218	h1tg000218l		98194	29756	19682	19202	29554	39.60	0	N
219	h1tg000219l		55314	16764	10246	11060	17244	38.52	0	N
220	h1tg000220l		523800	157861	99441	102424	164074	38.54	0	N
221	h1tg000221l		60160	19083	11995	11188	17894	38.54	0	N
222	h1tg000222l		149973	44788	30542	30552	44091	40.74	0	N
223	h1tg000223l		101595	30851	19579	20256	30909	39.21	0	N
224	h1tg000224l		92972	29124	19054	17036	27758	38.82	0	N
225	h1tg000225l		76624	22744	15280	14373	24227	38.70	0	N
226	h1tg000226l		71957	16500	17610	19880	17967	52.10	0	N
227	h1tg000227l		108538	32236	20770	22043	33489	39.45	0	N
228	h1tg000228l		77447	22770	15552	15799	23326	40.48	0	N
229	h1tg000229l		142845	43689	27764	27802	43590	38.90	0	N
230	h1tg000230l		89061	27872	16987	17240	26962	38.43	0	N
231	h1tg000231l		50026	16383	9136	9152	15355	36.56	0	N
232	h1tg000232l		75613	22864	15137	15667	21945	40.74	0	N
233	h1tg000233l		122773	36431	26152	23408	36782	40.37	0	N
234	h1tg000234l		53034	15920	10796	10888	15430	40.89	0	N
235	h1tg000235l		65663	19595	13197	13286	19585	40.33	0	N
236	h1tg000236l		159337	47081	30463	34029	47764	40.48	0	N
237	h1tg000237l		66418	20189	12857	12567	20805	38.28	0	N
238	h1tg000238l		95956	28837	20370	18684	28065	40.70	0	N
239	h1tg000239l		98607	28152	20633	22310	27512	43.55	0	N
240	h1tg000240l		102031	29779	21352	20867	30033	41.38	0	N
241	h1tg000241l		62163	18874	13037	12285	17967	40.73	0	N
242	h1tg000242l		134691	39954	26948	26908	40881	39.98	0	N
243	h1tg000243l		73034	21788	14949	14745	21552	40.66	0	N
244	h1tg000244l		67208	15222	19778	17396	14812	55.31	0	N
245	h1tg000245l		77008	23570	14303	15457	23678	38.65	0	N
246	h1tg000246l		62424	18229	12782	12067	19346	39.81	0	N
247	h1tg000247l		94421	28466	18787	18955	28213	39.97	0	N
248	h1tg000248l		54574	16522	10609	10618	16825	38.90	0	N
249	h1tg000249l		76072	22698	14112	15335	23927	38.71	0	N
250	h1tg000250l		62561	20009	11122	11715	19715	36.50	0	N
251	h1tg000251l		229815	69495	45071	45394	69855	39.36	0	N
252	h1tg000252l		80803	24303	16064	16533	23903	40.34	0	N
253	h1tg000253l		183895	42174	54111	46828	40782	54.89	0	N
254	h1tg000254l		57141	16898	12083	11649	16511	41.53	0	N
255	h1tg000255l		55151	16163	11340	11027	16621	40.56	0	N
256	h1tg000256l		56857	16936	10937	11273	17711	39.06	0	N
257	h1tg000257l		103550	31366	19399	20581	32204	38.61	0	N
258	h1tg000258l		58112	16736	12562	12213	16601	42.63	0	N
259	h1tg000259l		60724	18543	11349	12139	18693	38.68	0	N
260	h1tg000260l		111161	31842	23275	22584	33460	41.25	0	N
261	h1tg000261l		72915	22202	14635	14717	21361	40.26	0	N
262	h1tg000262l		66018	19690	13207	13374	19747	40.26	0	N
263	h1tg000263l		70299	22692	14155	12385	21067	37.75	0	N
264	h1tg000264l		68217	21363	13572	13773	19509	40.09	0	N
265	h1tg000265l		60014	18704	12167	11339	17804	39.17	0	N
266	h1tg000266l		106503	32362	19664	20122	34355	37.36	0	N
267	h1tg000267l		55221	16348	10919	11165	16789	39.99	0	N
268	h1tg000268l		66807	20969	13416	12114	20308	38.21	0	N
269	h1tg000269l		85798	26264	15947	15799	27788	37.00	0	N
270	h1tg000270l		80331	24474	15595	15643	24619	38.89	0	N
271	h1tg000271l		57617	12589	14593	16741	13694	54.38	0	N
272	h1tg000272l		131363	40594	26853	25207	38709	39.63	0	N
273	h1tg000273l		89382	27583	17184	17477	27138	38.78	0	N
274	h1tg000274l		63841	19321	12869	12494	19157	39.73	0	N
275	h1tg000275l		64654	19066	13318	12844	19426	40.46	0	N
276	h1tg000276l		84040	25566	16755	15192	26527	38.01	0	N
277	h1tg000277l		84820	24690	17187	17641	25302	41.06	0	N
278	h1tg000278l		69434	20656	13337	13956	21485	39.31	0	N
279	h1tg000279l		55143	16126	11257	11164	16596	40.66	0	N
280	h1tg000280l		75139	23191	14035	13909	24004	37.19	0	N
281	h1tg000281l		174109	55096	32500	32527	53986	37.35	0	N
282	h1tg000282l		141655	41627	28300	28470	43258	40.08	0	N
283	h1tg000283l		58864	18545	10664	11384	18271	37.46	0	N
284	h1tg000284l		59472	17726	11621	12273	17852	40.18	0	N
285	h1tg000285l		185841	58416	34099	36077	57249	37.76	0	N
286	h1tg000286l		81168	24386	16048	15856	24878	39.31	0	N
287	h1tg000287l		51392	15590	10013	10017	15772	38.97	0	N
288	h1tg000288l		84200	25693	16732	16845	24930	39.88	0	N
289	h1tg000289l		77048	22484	15273	15330	23961	39.72	0	N
290	h1tg000290l		72245	21210	13848	13886	23301	38.39	0	N
291	h1tg000291l		62714	18764	12533	12814	18603	40.42	0	N
292	h1tg000292l		68091	20645	13405	13925	20116	40.14	0	N
293	h1tg000293l		77262	23975	14171	15227	23889	38.05	0	N
294	h1tg000294l		123740	36287	23813	25461	38179	39.82	0	N
295	h1tg000295l		54016	16782	10302	9920	17012	37.44	0	N
296	h1tg000296l		53314	16163	10209	10800	16142	39.41	0	N
297	h1tg000297l		69458	21263	13289	13584	21322	38.69	0	N
298	h1tg000298l		90463	26621	17341	19391	27110	40.60	0	N
299	h1tg000299l		58541	17907	11223	10846	18565	37.70	0	N
300	h1tg000300l		64076	18634	13160	12430	19852	39.94	0	N
301	h1tg000301l		140617	38983	31196	31870	38568	44.85	0	N
302	h1tg000302l		67248	19686	14045	13514	20003	40.98	0	N
303	h1tg000303l		75059	22088	14934	14972	23065	39.84	0	N
304	h1tg000304l		120974	36557	25068	23026	36323	39.76	0	N
305	h1tg000305l		74271	22775	16076	14833	20587	41.62	0	N
306	h1tg000306l		58862	17414	10777	11803	18868	38.36	0	N
307	h1tg000307l		87711	26295	19101	14601	27714	38.42	0	N
308	h1tg000308l		44353	9204	3498	14586	17065	40.77	0	N
309	h1tg000309l		101233	30044	20415	20309	30465	40.23	0	N
310	h1tg000310l		74406	23870	14697	13989	21850	38.55	0	N
311	h1tg000311l		56408	12677	14304	16487	12940	54.59	0	N
312	h1tg000312l		99442	30285	19707	19833	29617	39.76	0	N
313	h1tg000313l		85960	26640	16994	16175	26151	38.59	0	N
314	h1tg000314l		54765	16625	9593	10526	18021	36.74	0	N
315	h1tg000315l		73808	22941	14616	14374	21877	39.28	0	N
316	h1tg000316l		103656	31569	19417	21433	31237	39.41	0	N
317	h1tg000317l		86546	19536	25511	22026	19473	54.93	0	N
318	h1tg000318l		103225	32320	20614	17963	32328	37.37	0	N
319	h1tg000319l		48399	14492	10361	9555	13991	41.15	0	N
320	h1tg000320l		53563	16542	10174	10157	16690	37.96	0	N
321	h1tg000321l		46988	14413	9028	9804	13743	40.08	0	N
322	h1tg000322l		71784	21787	14765	14204	21028	40.36	0	N
323	h1tg000323l		177552	53581	35696	35766	52509	40.25	0	N
324	h1tg000324l		54009	15579	10513	10542	17375	38.98	0	N
325	h1tg000325l		74309	22755	13976	14901	22677	38.86	0	N
326	h1tg000326l		61942	18673	13121	11797	18351	40.23	0	N
327	h1tg000327l		55079	16520	10901	11724	15934	41.08	0	N
328	h1tg000328l		115230	35658	21757	22429	35386	38.35	0	N
329	h1tg000329l		62248	18323	12560	12866	18499	40.85	0	N
330	h1tg000330l		100863	29300	20235	20755	30573	40.64	0	N
331	h1tg000331l		79218	24745	15069	15146	24258	38.14	0	N
332	h1tg000332l		54614	16697	11286	10716	15915	40.29	0	N
333	h1tg000333l		141228	43322	28339	27040	42527	39.21	0	N
334	h1tg000334l		108470	27156	13895	29275	38144	39.80	0	N
335	h1tg000335l		108964	32002	22129	21545	33288	40.08	0	N
336	h1tg000336l		52359	13050	14584	12944	11781	52.58	0	N
337	h1tg000337l		78911	24488	15032	14722	24669	37.71	0	N
338	h1tg000338l		58752	18723	11395	10847	17787	37.86	0	N
339	h1tg000339l		66351	20833	12975	12560	19983	38.48	0	N
340	h1tg000340l		60204	18385	12006	11413	18400	38.90	0	N
341	h1tg000341l		156792	46697	29962	30386	49747	38.49	0	N
342	h1tg000342l		153569	46299	29581	30101	47588	38.86	0	N
343	h1tg000343l		105915	32736	20213	20631	32335	38.56	0	N
344	h1tg000344l		71996	23044	14141	13687	21124	38.65	0	N
345	h1tg000345l		68423	21974	12431	13467	20551	37.85	0	N
346	h1tg000346l		79635	25817	15179	14917	23722	37.79	0	N
347	h1tg000347l		118804	32838	26709	26612	32645	44.88	0	N
348	h1tg000348l		81065	23976	16006	16130	24953	39.64	0	N
349	h1tg000349l		91587	26046	17977	19190	28374	40.58	0	N
350	h1tg000350l		83032	25209	15993	16645	25185	39.31	0	N
351	h1tg000351l		92136	27163	17982	18676	28315	39.79	0	N
352	h1tg000352l		85695	25778	15747	16884	27286	38.08	0	N
353	h1tg000353l		125977	38972	23897	23679	39429	37.77	0	N
354	h1tg000354l		53746	16273	10301	10690	16482	39.06	0	N
355	h1tg000355l		73670	22138	13990	15138	22404	39.54	0	N
356	h1tg000356l		61325	18993	11790	11987	18555	38.77	0	N
357	h1tg000357l		124807	37504	23966	25422	37915	39.57	0	N
358	h1tg000358l		78888	22029	16302	17055	23502	42.28	0	N
359	h1tg000359l		73484	21915	14534	15577	21458	40.98	0	N
360	h1tg000360l		138684	42674	27353	26964	41693	39.17	0	N
361	h1tg000361l		69200	21653	13726	13759	20062	39.72	0	N
362	h1tg000362l		135646	40093	27497	26594	41462	39.88	0	N
363	h1tg000363l		75770	23074	15930	13987	22779	39.48	0	N
364	h1tg000364l		61928	18084	12322	12701	18821	40.41	0	N
365	h1tg000365l		114851	34387	22492	21877	36095	38.63	0	N
366	h1tg000366l		55369	16899	10086	10441	17943	37.07	0	N
367	h1tg000367l		56921	16464	10582	11597	18278	38.96	0	N
368	h1tg000368l		63232	19621	12393	12583	18635	39.50	0	N
369	h1tg000369l		48104	13956	9598	9522	15028	39.75	0	N
370	h1tg000370l		53866	16723	10425	10778	15940	39.36	0	N
371	h1tg000371l		50641	15349	9994	10321	14977	40.12	0	N
372	h1tg000372l		44531	13529	8705	8860	13437	39.44	0	N
373	h1tg000373l		77241	22700	15821	15588	23132	40.66	0	N
374	h1tg000374l		220245	68494	43459	42504	65788	39.03	0	N
375	h1tg000375l		53645	15943	11294	10732	15676	41.06	0	N
376	h1tg000376l		98137	31119	19209	17588	30221	37.50	0	N
377	h1tg000377l		96783	29753	18979	18899	29152	39.14	0	N
378	h1tg000378l		57366	18600	10692	10911	17163	37.66	0	N
379	h1tg000379l		63413	18640	14239	11811	18723	41.08	0	N
380	h1tg000380l		91655	28546	17490	17160	28459	37.80	0	N
381	h1tg000381l		73565	21477	15495	14812	21781	41.20	0	N
382	h1tg000382l		138276	41047	27270	28509	41450	40.34	0	N
383	h1tg000383l		54405	16672	10875	10551	16307	39.38	0	N
384	h1tg000384l		69805	21428	13937	13004	21436	38.59	0	N
385	h1tg000385l		69902	21273	13496	13586	21547	38.74	0	N
386	h1tg000386l		129320	40082	24210	26123	38905	38.92	0	N
387	h1tg000387l		70896	21801	14200	13826	21069	39.53	0	N
388	h1tg000388l		56300	16859	11664	11027	16750	40.30	0	N
389	h1tg000389l		76061	23542	14263	14780	23476	38.18	0	N
390	h1tg000390l		86414	18848	24309	23531	19726	55.36	0	N
391	h1tg000391l		63114	19161	13040	12726	18187	40.82	0	N
392	h1tg000392l		53318	12286	14729	14882	11421	55.54	0	N
393	h1tg000393l		57448	17222	11057	10428	18741	37.40	0	N
394	h1tg000394l		79910	26462	15523	14603	23322	37.70	0	N
395	h1tg000395l		88118	27376	18174	16024	26544	38.81	0	N
396	h1tg000396l		118609	35743	24416	23390	35060	40.31	0	N
397	h1tg000397l		105657	31407	21395	21731	31124	40.82	0	N
398	h1tg000398l		68395	21957	12685	12221	21532	36.41	0	N
399	h1tg000399l		53329	16288	10102	10388	16551	38.42	0	N
400	h1tg000400l		77156	23409	15615	14936	23196	39.60	0	N
401	h1tg000401l		61026	17949	12174	12587	18316	40.57	0	N
402	h1tg000402l		82889	23333	18560	18232	22764	44.39	0	N
403	h1tg000403l		53173	16154	8977	11858	16184	39.18	0	N
404	h1tg000404l		48127	14919	9424	8643	15141	37.54	0	N
405	h1tg000405l		75494	22352	14743	15731	22668	40.37	0	N
406	h1tg000406l		160430	36249	40356	46401	37424	54.08	0	N
407	h1tg000407l		49002	15194	9291	9439	15078	38.22	0	N
408	h1tg000408l		66217	20683	13654	13084	18796	40.38	0	N
409	h1tg000409l		72462	21458	14882	14472	21650	40.51	0	N
410	h1tg000410l		41408	12806	8529	7981	12092	39.87	0	N
411	h1tg000411l		60635	18114	12710	12029	17782	40.80	0	N
412	h1tg000412l		66283	19395	12943	13075	20870	39.25	0	N
413	h1tg000413l		58982	18159	11402	11235	18186	38.38	0	N
414	h1tg000414l		69078	21229	13557	13528	20764	39.21	0	N
415	h1tg000415l		59647	18396	10898	11148	19205	36.96	0	N
416	h1tg000416l		56106	16302	11268	10669	17867	39.10	0	N
417	h1tg000417l		61271	18187	12336	12784	17964	41.00	0	N
418	h1tg000418l		89250	21245	25484	22306	20215	53.55	0	N
419	h1tg000419l		86486	25783	16723	17293	26687	39.33	0	N
420	h1tg000420l		81593	27761	25480	9402	18950	42.75	0	N
421	h1tg000421l		147578	45519	29640	29352	43067	39.97	0	N
422	h1tg000422l		58099	18291	11034	11179	17595	38.23	0	N
423	h1tg000423l		61957	17107	11816	13266	19768	40.48	0	N
424	h1tg000424l		59871	17695	11685	11321	19170	38.43	0	N
425	h1tg000425l		91368	26477	18643	18981	27267	41.18	0	N
426	h1tg000426l		58950	17249	11531	11732	18438	39.46	0	N
427	h1tg000427l		66676	20061	13854	13365	19396	40.82	0	N
428	h1tg000428l		38596	8661	9795	11286	8854	54.62	0	N
429	h1tg000429l		56238	17027	11504	11083	16624	40.16	0	N
430	h1tg000430l		38223	9827	10405	9242	8749	51.40	0	N
431	h1tg000431l		54871	16224	10966	10329	17352	38.81	0	N
432	h1tg000432l		48816	15014	9234	9582	14986	38.54	0	N
433	h1tg000433l		51155	15266	9716	9967	16206	38.48	0	N
434	h1tg000434l		68480	20636	13037	13595	21212	38.89	0	N
435	h1tg000435l		85673	25430	17558	17135	25550	40.49	0	N
436	h1tg000436l		87175	26740	16753	16944	26738	38.65	0	N
437	h1tg000437l		48528	14123	9824	9586	14995	40.00	0	N
438	h1tg000438l		43085	9628	10940	12592	9925	54.62	0	N
439	h1tg000439l		72486	21586	15008	14046	21846	40.08	0	N
440	h1tg000440l		61806	18233	11974	12789	18810	40.07	0	N
441	h1tg000441l		48196	14771	9197	9950	14278	39.73	0	N
442	h1tg000442l		66111	19269	12593	14177	20072	40.49	0	N
443	h1tg000443l		85014	26293	17158	16227	25336	39.27	0	N
444	h1tg000444l		59061	18006	11089	12255	17711	39.53	0	N
445	h1tg000445l		81277	24785	15956	16098	24438	39.44	0	N
446	h1tg000446l		48044	14511	9915	9200	14418	39.79	0	N
447	h1tg000447l		53844	16453	10571	10061	16759	38.32	0	N
448	h1tg000448l		78779	24815	15260	15923	22781	39.58	0	N
449	h1tg000449l		73567	21633	15096	15238	21600	41.23	0	N
450	h1tg000450l		68447	21513	13977	12895	20062	39.26	0	N
451	h1tg000451l		30917	7038	8467	8619	6793	55.26	0	N
452	h1tg000452l		94561	28310	18763	18624	28864	39.54	0	N
453	h1tg000453l		60470	19155	12427	10884	18004	38.55	0	N
454	h1tg000454l		66475	18577	13009	13722	21167	40.21	0	N
455	h1tg000455l		58292	17516	11507	11218	18051	38.98	0	N
456	h1tg000456l		53199	16125	11099	9963	16012	39.59	0	N
457	h1tg000457l		49833	14974	9988	9599	15272	39.31	0	N
458	h1tg000458l		42921	9517	10957	12763	9684	55.26	0	N
459	h1tg000459l		71906	22184	13781	14133	21808	38.82	0	N
460	h1tg000460l		59517	18855	11061	11599	18002	38.07	0	N
461	h1tg000461l		57717	16889	11589	11704	17535	40.36	0	N
462	h1tg000462l		90550	27055	18292	18750	26453	40.91	0	N
463	h1tg000463l		62207	16928	14153	14296	16830	45.73	0	N
464	h1tg000464l		52074	15247	10977	10797	15053	41.81	0	N
465	h1tg000465l		72795	21914	14506	14604	21771	39.99	0	N
466	h1tg000466l		51822	15242	10265	10197	16118	39.49	0	N
467	h1tg000467l		94335	28560	18363	18680	28732	39.27	0	N
468	h1tg000468l		77421	22638	15011	16576	23196	40.80	0	N
469	h1tg000469l		85856	25587	16360	18003	25906	40.02	0	N
470	h1tg000470l		48187	14478	8779	9155	15775	37.22	0	N
471	h1tg000471l		57952	17108	11810	11196	17838	39.70	0	N
472	h1tg000472l		63241	19515	12642	11933	19151	38.86	0	N
473	h1tg000473l		83321	24890	16376	17165	24890	40.26	0	N
474	h1tg000474l		93603	28985	19457	18511	26650	40.56	0	N
475	h1tg000475l		72560	21843	14775	14134	21808	39.84	0	N
476	h1tg000476l		52839	16281	10963	10083	15512	39.83	0	N
477	h1tg000477l		82463	24491	16856	15707	25409	39.49	0	N
478	h1tg000478l		40991	12205	8336	8274	12176	40.52	0	N
479	h1tg000479l		49582	15119	9501	9854	15108	39.04	0	N
480	h1tg000480l		66027	20445	12659	12840	20083	38.62	0	N
481	h1tg000481l		79166	23146	16330	16607	23083	41.60	0	N
482	h1tg000482l		62850	20201	12228	11534	18887	37.81	0	N
483	h1tg000483l		56493	17908	11007	11028	16550	39.00	0	N
484	h1tg000484l		69761	20966	15350	13950	19495	42.00	0	N
485	h1tg000485l		56191	17442	11559	11195	15995	40.49	0	N
486	h1tg000486l		56597	16908	11038	10991	17660	38.92	0	N
487	h1tg000487l		60472	19442	10275	10893	19862	35.00	0	N
488	h1tg000488l		84711	25699	16779	17119	25114	40.02	0	N
489	h1tg000489l		47997	14264	9599	9696	14438	40.20	0	N
490	h1tg000490l		61429	17943	11851	12660	18975	39.90	0	N
491	h1tg000491l		74097	22736	15019	13825	22517	38.93	0	N
492	h1tg000492l		63949	20214	12658	12163	18914	38.81	0	N
493	h1tg000493l		92246	28366	18506	18252	27122	39.85	0	N
494	h1tg000494l		59835	17822	11697	11431	18885	38.65	0	N
495	h1tg000495l		52642	15235	9964	10453	16990	38.78	0	N
496	h1tg000496l		59182	17537	12199	11966	17480	40.83	0	N
497	h1tg000497l		62078	17960	12468	12887	18763	40.84	0	N
498	h1tg000498l		70184	20884	13557	13991	21752	39.25	0	N
499	h1tg000499l		68911	20401	13899	13144	21467	39.24	0	N
500	h1tg000500l		54785	16922	10882	10784	16197	39.55	0	N
501	h1tg000501l		94551	28394	19323	18085	28749	39.56	0	N
502	h1tg000502l		71656	21770	15085	14152	20649	40.80	0	N
503	h1tg000503l		62135	19518	12101	11896	18620	38.62	0	N
504	h1tg000504l		47130	13925	9592	9905	13708	41.37	0	N
505	h1tg000505l		32104	7737	9125	7976	7266	53.27	0	N
