Seq	Header	Comment	Total segment length	A	C	G	T	GC content %	# soft-masked bases	Is circular: 
1	h2tg000001l		54055996	16246510	10739895	10777096	16292495	39.81	0	N
2	h2tg000002l		45187061	13709758	8862292	8891714	13723297	39.29	0	N
3	h2tg000003l		65679588	19845392	12967282	12971991	19894923	39.49	0	N
4	h2tg000004l		38512735	11580937	7688737	7644481	11598580	39.81	0	N
5	h2tg000005l		18271583	5236722	3476365	3493002	5220136	39.99	0	N
6	h2tg000006l		36524851	11017298	7238859	7254846	11013848	39.68	0	N
7	h2tg000007l		42203136	12767072	8362376	8356582	12717106	39.62	0	N
8	h2tg000008l		30255392	9129461	5979442	5996696	9149793	39.58	0	N
9	h2tg000009l		56292537	17057888	11068887	11069636	17096126	39.33	0	N
10	h2tg000010l		43786601	13237045	8685725	8676979	13186752	39.65	0	N
11	h2tg000011l		35933805	10838134	7021993	7082002	10855327	39.40	0	N
12	h2tg000012l		98565	29370	19697	20130	29368	40.41	0	N
13	h2tg000013l		6681310	2026252	1317218	1315634	2022206	39.41	0	N
14	h2tg000014l		1986000	602300	386825	385463	611412	38.89	0	N
15	h2tg000015l		243828	74302	50969	47857	70700	40.53	0	N
16	h2tg000016l		79824	23542	15526	16606	24150	40.25	0	N
17	h2tg000017l		70843	20107	14568	14309	21859	40.76	0	N
18	h2tg000018l		77146	22885	15362	15769	23130	40.35	0	N
19	h2tg000019l		87119	26707	16323	17399	26690	38.71	0	N
20	h2tg000020l		47971	14902	8777	9557	14735	38.22	0	N
21	h2tg000021l		151173	46213	29126	28571	47263	38.17	0	N
22	h2tg000022l		293847	69253	84675	74009	65910	54.00	0	N
23	h2tg000023l		46544	13867	9577	9138	13962	40.21	0	N
24	h2tg000024l		85740	25368	17109	16878	26385	39.64	0	N
25	h2tg000025l		45786	14127	9525	8386	13748	39.12	0	N
26	h2tg000026l		46767	13521	9031	9450	14765	39.52	0	N
27	h2tg000027l		137959	30894	34675	39886	32504	54.05	0	N
28	h2tg000028l		62448	18891	12546	12100	18911	39.47	0	N
29	h2tg000029l		93280	28212	18308	17913	28847	38.83	0	N
30	h2tg000030l		672730	203247	130268	131194	208021	38.87	0	N
31	h2tg000031l		105097	34451	19146	18284	33216	35.61	0	N
32	h2tg000032l		61719	17406	12761	12459	19093	40.86	0	N
33	h2tg000033l		83774	26214	16791	14989	25780	37.94	0	N
34	h2tg000034l		78921	24090	16149	15382	23300	39.95	0	N
35	h2tg000035l		90514	27750	18667	16878	27219	39.27	0	N
36	h2tg000036l		75285	24053	13144	14187	23901	36.30	0	N
37	h2tg000037l		161373	49875	29815	31215	50468	37.82	0	N
38	h2tg000038l		116338	34897	23720	22882	34839	40.06	0	N
39	h2tg000039l		365422	114067	68392	71445	111518	38.27	0	N
40	h2tg000040l		73210	23071	14266	14136	21737	38.80	0	N
41	h2tg000041l		58577	18156	12024	11471	16926	40.11	0	N
42	h2tg000042l		3499031	1037190	704598	711882	1045361	40.48	0	N
43	h2tg000043l		201570	57558	42784	43529	57699	42.82	0	N
44	h2tg000044l		66844	19992	13561	13103	20188	39.89	0	N
45	h2tg000045l		70685	21283	15090	13353	20959	40.24	0	N
46	h2tg000046l		58740	17899	11536	11629	17676	39.44	0	N
47	h2tg000047l		49453	14812	10136	9471	15034	39.65	0	N
48	h2tg000048l		77393	23708	15725	15289	22671	40.07	0	N
49	h2tg000049l		199013	60041	38869	38885	61218	39.07	0	N
50	h2tg000050l		252734	75190	50740	48770	78034	39.37	0	N
51	h2tg000051l		78927	24230	15768	15277	23652	39.33	0	N
52	h2tg000052l		71860	22282	13780	14005	21793	38.67	0	N
53	h2tg000053l		393158	95118	110574	98005	89461	53.05	0	N
54	h2tg000054l		51925	16360	8892	9464	17209	35.35	0	N
55	h2tg000055l		57550	16370	11664	11720	17796	40.63	0	N
56	h2tg000056l		68850	21436	14462	12832	20120	39.64	0	N
57	h2tg000057l		74599	22381	14513	14761	22944	39.24	0	N
58	h2tg000058l		576070	173729	113248	115336	173757	39.68	0	N
59	h2tg000059l		51975	16433	9672	9744	16126	37.36	0	N
60	h2tg000060l		888132	260262	183276	184963	259631	41.46	0	N
61	h2tg000061l		63759	18198	13438	14138	17985	43.25	0	N
62	h2tg000062l		150044	45433	30949	30007	43655	40.63	0	N
63	h2tg000063l		73690	22877	14835	13971	22007	39.09	0	N
64	h2tg000064l		54038	15753	10841	11036	16408	40.48	0	N
65	h2tg000065l		117344	38126	23319	21714	34185	38.38	0	N
66	h2tg000066l		80116	24328	16166	15138	24484	39.07	0	N
67	h2tg000067l		216612	65777	42960	43522	64353	39.92	0	N
68	h2tg000068l		72925	23092	13772	13535	22526	37.45	0	N
69	h2tg000069l		1123118	340581	223723	219876	338938	39.50	0	N
70	h2tg000070l		74219	21804	15586	14304	22525	40.27	0	N
71	h2tg000071l		193165	58746	38467	37952	58000	39.56	0	N
72	h2tg000072l		136484	40978	25518	29639	40349	40.41	0	N
73	h2tg000073l		43064	13026	8852	8263	12923	39.74	0	N
74	h2tg000074l		74883	22321	14572	15010	22980	39.50	0	N
75	h2tg000075l		122305	36604	25671	25193	34837	41.59	0	N
76	h2tg000076l		67766	20543	13168	13237	20818	38.96	0	N
77	h2tg000077l		56479	17802	10807	10605	17265	37.91	0	N
78	h2tg000078l		75593	22078	15686	15188	22641	40.84	0	N
79	h2tg000079l		468456	139413	94863	93032	141148	40.11	0	N
80	h2tg000080l		57851	17489	11706	11356	17300	39.86	0	N
81	h2tg000081l		42783	12572	8509	8251	13451	39.17	0	N
82	h2tg000082l		422615	99627	122258	106308	94422	54.08	0	N
83	h2tg000083l		88651	27600	17659	17526	25866	39.69	0	N
84	h2tg000084l		68215	21216	13377	13315	20307	39.13	0	N
85	h2tg000085l		115206	34866	22779	22505	35056	39.31	0	N
86	h2tg000086l		85757	25725	17629	17589	24814	41.07	0	N
87	h2tg000087l		252652	57444	63267	70358	61583	52.89	0	N
88	h2tg000088l		84460	27701	16285	15398	25076	37.51	0	N
89	h2tg000089l		162411	49721	32206	32594	47890	39.90	0	N
90	h2tg000090l		53717	15308	11186	10872	16351	41.06	0	N
91	h2tg000091l		103763	32296	19298	20005	32164	37.88	0	N
92	h2tg000092l		102393	31300	20473	20822	29798	40.33	0	N
93	h2tg000093l		74664	23113	14598	14265	22688	38.66	0	N
94	h2tg000094l		71180	21400	14000	13795	21985	39.05	0	N
95	h2tg000095l		45906	10447	13525	11704	10230	54.96	0	N
96	h2tg000096l		160192	49211	30598	31051	49332	38.48	0	N
97	h2tg000097l		55619	16497	11348	11167	16607	40.48	0	N
98	h2tg000098l		55187	16539	10776	10752	17120	39.01	0	N
99	h2tg000099l		95456	30052	18575	18527	28302	38.87	0	N
100	h2tg000100l		54417	16235	10493	11204	16485	39.87	0	N
101	h2tg000101l		221542	68170	43023	43428	66921	39.02	0	N
102	h2tg000102l		113652	35106	21865	21990	34691	38.59	0	N
103	h2tg000103l		166648	50405	32211	33779	50253	39.60	0	N
104	h2tg000104l		139552	43242	27125	27796	41389	39.36	0	N
105	h2tg000105l		56574	17754	10846	10327	17647	37.43	0	N
106	h2tg000106l		61056	17868	12870	12835	17483	42.10	0	N
107	h2tg000107l		64595	21501	12326	11110	19658	36.28	0	N
108	h2tg000108l		56792	16337	12594	11760	16101	42.88	0	N
109	h2tg000109l		126554	40014	23169	23564	39807	36.93	0	N
110	h2tg000110l		48165	15943	9642	8403	14177	37.46	0	N
111	h2tg000111l		69444	21389	13601	13641	20813	39.23	0	N
112	h2tg000112l		103537	31498	21079	20594	30366	40.25	0	N
113	h2tg000113l		143426	43772	27163	26639	45852	37.51	0	N
114	h2tg000114l		214375	63397	41005	42733	67240	39.06	0	N
115	h2tg000115l		143943	43607	28429	29137	42770	39.99	0	N
116	h2tg000116l		77840	22532	15868	16919	22521	42.12	0	N
117	h2tg000117l		90513	28068	17375	17795	27275	38.86	0	N
118	h2tg000118l		60454	19041	11326	11401	18686	37.59	0	N
119	h2tg000119l		105571	30505	22631	21931	30504	42.21	0	N
120	h2tg000120l		292667	64591	73995	84590	69491	54.19	0	N
121	h2tg000121l		474649	143116	94570	93579	143384	39.64	0	N
122	h2tg000122l		121867	37520	22839	22985	38523	37.60	0	N
123	h2tg000123l		68742	21239	13399	13364	20740	38.93	0	N
124	h2tg000124l		74003	23358	13786	14377	22482	38.06	0	N
125	h2tg000125l		137909	44012	26199	25992	41706	37.84	0	N
126	h2tg000126l		128992	39372	24145	24496	40979	37.71	0	N
127	h2tg000127l		104002	31851	19793	20364	31994	38.61	0	N
128	h2tg000128l		99369	30166	19370	20222	29611	39.84	0	N
129	h2tg000129l		101788	31063	19830	19872	31023	39.00	0	N
130	h2tg000130l		74720	23353	13919	14371	23077	37.86	0	N
131	h2tg000131l		69178	20766	13760	13479	21173	39.38	0	N
132	h2tg000132l		84493	26188	16328	15791	26186	38.01	0	N
133	h2tg000133l		608624	183781	119791	117004	188048	38.91	0	N
134	h2tg000134l		53876	16217	10272	10610	16777	38.76	0	N
135	h2tg000135l		55103	16615	11286	10948	16254	40.35	0	N
136	h2tg000136l		261130	84527	51096	49261	76246	38.43	0	N
137	h2tg000137l		64257	19525	13198	12657	18877	40.24	0	N
138	h2tg000138l		234966	52739	59081	66715	56431	53.54	0	N
139	h2tg000139l		69860	23250	13030	12716	20864	36.85	0	N
140	h2tg000140l		52826	15679	9995	10556	16596	38.90	0	N
141	h2tg000141l		60609	18567	11706	11914	18422	38.97	0	N
142	h2tg000142l		76095	22224	14525	16151	23195	40.31	0	N
143	h2tg000143l		96432	28894	19266	19076	29196	39.76	0	N
144	h2tg000144l		78350	23609	15110	16495	23136	40.34	0	N
145	h2tg000145l		50361	14932	9452	9963	16014	38.55	0	N
146	h2tg000146l		73968	22216	15324	14922	21506	40.89	0	N
147	h2tg000147l		86328	24978	17335	17684	26331	40.57	0	N
148	h2tg000148l		118677	36267	22816	22819	36775	38.45	0	N
149	h2tg000149l		94627	28941	18099	18405	29182	38.58	0	N
150	h2tg000150l		79777	24582	14973	16118	24104	38.97	0	N
151	h2tg000151l		77797	22422	15575	16505	23295	41.24	0	N
152	h2tg000152l		81907	25198	15818	15961	24930	38.80	0	N
153	h2tg000153l		96672	28746	18872	19647	29407	39.85	0	N
154	h2tg000154l		147527	44639	30103	28169	44616	39.50	0	N
155	h2tg000155l		142640	44269	27297	27985	43089	38.76	0	N
156	h2tg000156l		80682	25157	15578	15368	24579	38.36	0	N
157	h2tg000157l		43345	13468	8570	8746	12561	39.95	0	N
158	h2tg000158l		66846	20643	12633	12686	20884	37.88	0	N
159	h2tg000159l		273399	82872	55915	55139	79473	40.62	0	N
160	h2tg000160l		58158	18389	10312	11307	18150	37.17	0	N
161	h2tg000161l		118498	37292	22088	21537	37581	36.81	0	N
162	h2tg000162l		71970	21797	14312	13425	22436	38.54	0	N
163	h2tg000163l		91081	26774	17219	18164	28924	38.85	0	N
164	h2tg000164l		59148	18300	11585	11689	17574	39.35	0	N
165	h2tg000165l		77595	24052	15059	14963	23521	38.69	0	N
166	h2tg000166l		56037	15897	11496	11446	17198	40.94	0	N
167	h2tg000167l		76810	23891	14361	14472	24086	37.54	0	N
168	h2tg000168l		72732	22788	13944	13941	22059	38.34	0	N
169	h2tg000169l		66744	21008	13060	12305	20371	38.00	0	N
170	h2tg000170l		58513	16561	12724	12104	17124	42.43	0	N
171	h2tg000171l		121295	37446	22628	22827	38394	37.47	0	N
172	h2tg000172l		93705	29705	18269	17296	28435	37.95	0	N
173	h2tg000173l		115049	35145	23220	23093	33591	40.26	0	N
174	h2tg000174l		62472	19326	12818	11790	18538	39.39	0	N
175	h2tg000175l		75193	22827	14560	15389	22417	39.83	0	N
176	h2tg000176l		88341	24881	17076	18052	28332	39.76	0	N
177	h2tg000177l		51613	15489	10888	9436	15800	39.38	0	N
178	h2tg000178l		214751	65555	40741	41434	67021	38.27	0	N
179	h2tg000179l		162650	50098	32657	30321	49574	38.72	0	N
180	h2tg000180l		89582	27278	17665	17602	27037	39.37	0	N
181	h2tg000181l		57797	17349	10492	12123	17833	39.13	0	N
182	h2tg000182l		86517	25949	17514	17690	25364	40.69	0	N
183	h2tg000183l		55185	16745	11150	11240	16050	40.57	0	N
184	h2tg000184l		59370	17391	11922	11803	18254	39.96	0	N
185	h2tg000185l		61652	18037	11439	12390	19786	38.65	0	N
186	h2tg000186l		46137	14480	9176	8714	13767	38.78	0	N
187	h2tg000187l		47812	14566	9309	9499	14438	39.34	0	N
188	h2tg000188l		101394	30578	19962	19824	31030	39.24	0	N
189	h2tg000189l		98201	30598	19213	18462	29928	38.37	0	N
190	h2tg000190l		63097	19356	12202	11337	20202	37.31	0	N
191	h2tg000191l		50302	17253	7556	7898	17595	30.72	0	N
192	h2tg000192l		61829	18035	12868	12342	18584	40.77	0	N
193	h2tg000193l		53753	16017	9615	10433	17688	37.30	0	N
194	h2tg000194l		57093	17948	10917	10770	17458	37.99	0	N
195	h2tg000195l		140450	46556	32896	24328	36670	40.74	0	N
196	h2tg000196l		65614	19928	13310	12892	19484	39.93	0	N
197	h2tg000197l		67977	20152	13285	13549	20991	39.48	0	N
198	h2tg000198l		74274	22609	14529	14415	22721	38.97	0	N
199	h2tg000199l		145164	45561	27180	27186	45237	37.45	0	N
200	h2tg000200l		76801	23988	14658	15261	22894	38.96	0	N
201	h2tg000201l		59907	18740	11366	12207	17594	39.35	0	N
202	h2tg000202l		51370	15423	9796	10024	16127	38.58	0	N
203	h2tg000203l		79325	23770	15206	15907	24442	39.22	0	N
204	h2tg000204l		67825	21515	12839	12670	20801	37.61	0	N
205	h2tg000205l		63989	18919	12675	12601	19794	39.50	0	N
206	h2tg000206l		68074	21004	12997	12871	21202	38.00	0	N
207	h2tg000207l		71292	21952	13580	14081	21679	38.80	0	N
208	h2tg000208l		69849	21418	12826	13460	22145	37.63	0	N
209	h2tg000209l		59360	16515	11250	12397	19198	39.84	0	N
210	h2tg000210l		68901	20384	13795	13990	20732	40.33	0	N
211	h2tg000211l		115914	36336	22288	22122	35168	38.31	0	N
212	h2tg000212l		75449	23394	14337	14281	23437	37.93	0	N
213	h2tg000213l		67977	21047	12997	13167	20766	38.49	0	N
214	h2tg000214l		110463	34203	21022	21990	33248	38.94	0	N
215	h2tg000215l		102704	31837	20613	19256	30998	38.82	0	N
216	h2tg000216l		30064	8997	5953	5808	9306	39.12	0	N
217	h2tg000217l		162827	50445	32606	31407	48369	39.31	0	N
218	h2tg000218l		66404	19920	13422	12951	20111	39.72	0	N
219	h2tg000219l		102889	30846	20422	21508	30113	40.75	0	N
220	h2tg000220l		55536	17016	11010	10930	16580	39.51	0	N
221	h2tg000221l		54964	17541	9949	11600	15874	39.21	0	N
222	h2tg000222l		322286	97958	63043	61938	99347	38.78	0	N
223	h2tg000223l		58320	17800	11555	11603	17362	39.71	0	N
224	h2tg000224l		56500	17096	10658	10992	17754	38.32	0	N
225	h2tg000225l		224856	67938	43499	43230	70189	38.57	0	N
226	h2tg000226l		89199	26338	18204	18004	26653	40.59	0	N
227	h2tg000227l		118380	36151	22243	21492	38494	36.94	0	N
228	h2tg000228l		66199	20093	13626	12695	19785	39.76	0	N
229	h2tg000229l		72343	21990	13886	14315	22152	38.98	0	N
230	h2tg000230l		110777	34709	21757	20840	33471	38.45	0	N
231	h2tg000231l		51690	16353	9857	9723	15757	37.88	0	N
232	h2tg000232l		77571	23561	15068	15068	23874	38.85	0	N
233	h2tg000233l		78165	23125	15297	15825	23918	39.82	0	N
234	h2tg000234l		155574	39094	43373	38351	34756	52.53	0	N
235	h2tg000235l		62105	19445	12363	12151	18146	39.47	0	N
236	h2tg000236l		66605	18213	14744	13240	20408	42.01	0	N
237	h2tg000237l		132719	40674	26286	26519	39240	39.79	0	N
238	h2tg000238l		56980	17392	10857	11817	16914	39.79	0	N
239	h2tg000239l		106878	33841	19284	20054	33699	36.81	0	N
240	h2tg000240l		60961	19900	10347	11410	19304	35.69	0	N
241	h2tg000241l		49033	14213	10364	9421	15035	40.35	0	N
242	h2tg000242l		62297	18565	13116	11658	18958	39.77	0	N
243	h2tg000243l		83142	25485	17087	16134	24436	39.96	0	N
244	h2tg000244l		57518	17786	11291	10948	17493	38.66	0	N
245	h2tg000245l		24809	7291	5008	4763	7747	39.38	0	N
246	h2tg000246l		60611	18197	11082	11834	19498	37.81	0	N
247	h2tg000247l		72687	23102	13304	13503	22778	36.88	0	N
248	h2tg000248l		64728	19234	12885	12916	19693	39.86	0	N
249	h2tg000249l		57290	16431	11919	12075	16865	41.88	0	N
250	h2tg000250l		132503	40109	25564	25374	41456	38.44	0	N
251	h2tg000251l		76441	22668	14565	15506	23702	39.34	0	N
252	h2tg000252l		184462	56742	35280	35243	57197	38.23	0	N
253	h2tg000253l		124118	38914	24232	23571	37401	38.51	0	N
254	h2tg000254l		55027	15722	10494	11181	17630	39.39	0	N
255	h2tg000255l		60975	18148	12119	12309	18399	40.06	0	N
256	h2tg000256l		58540	18599	11633	11074	17234	38.79	0	N
257	h2tg000257l		91815	27566	18230	18310	27709	39.80	0	N
258	h2tg000258l		186095	58239	36422	35246	56188	38.51	0	N
259	h2tg000259l		118177	36035	23528	22592	36022	39.03	0	N
260	h2tg000260l		120920	35123	25112	25116	35569	41.54	0	N
261	h2tg000261l		109382	32707	21962	22547	32166	40.69	0	N
262	h2tg000262l		75759	22609	15764	14404	22982	39.82	0	N
263	h2tg000263l		74707	23009	14880	14970	21848	39.96	0	N
264	h2tg000264l		81042	25844	15053	14598	25547	36.59	0	N
265	h2tg000265l		69559	20641	14296	14205	20417	40.97	0	N
266	h2tg000266l		57056	14364	15957	14029	12706	52.56	0	N
267	h2tg000267l		52792	15811	10290	9940	16751	38.32	0	N
268	h2tg000268l		66981	20742	12600	13216	20423	38.54	0	N
269	h2tg000269l		67149	21154	12877	12547	20571	37.86	0	N
270	h2tg000270l		65481	19557	13037	13069	19818	39.87	0	N
271	h2tg000271l		143285	43586	28107	27585	44007	38.87	0	N
272	h2tg000272l		144400	43978	28006	29204	43212	39.62	0	N
273	h2tg000273l		64531	19714	12324	12657	19836	38.71	0	N
274	h2tg000274l		140617	38983	31196	31870	38568	44.85	0	N
275	h2tg000275l		50048	15055	10473	10158	14362	41.22	0	N
276	h2tg000276l		39950	11752	7764	8435	11999	40.55	0	N
277	h2tg000277l		92205	28580	18362	17203	28060	38.57	0	N
278	h2tg000278l		90532	28067	17269	17453	27743	38.35	0	N
279	h2tg000279l		73473	22966	13958	14205	22344	38.33	0	N
280	h2tg000280l		60723	19287	11604	12104	17728	39.04	0	N
281	h2tg000281l		55264	16463	11778	10415	16608	40.16	0	N
282	h2tg000282l		78114	23353	14711	16084	23966	39.42	0	N
283	h2tg000283l		69411	18862	14069	14949	21531	41.81	0	N
284	h2tg000284l		50200	15235	9921	10470	14574	40.62	0	N
285	h2tg000285l		65245	19731	12790	12492	20232	38.75	0	N
286	h2tg000286l		59257	18705	11753	10552	18247	37.64	0	N
287	h2tg000287l		83090	25060	16875	16469	24686	40.13	0	N
288	h2tg000288l		124078	37239	23990	24681	38168	39.23	0	N
289	h2tg000289l		69120	20993	13588	13570	20969	39.29	0	N
290	h2tg000290l		78811	23373	15590	15421	24427	39.35	0	N
291	h2tg000291l		56225	17016	10971	11464	16774	39.90	0	N
292	h2tg000292l		86397	26336	16570	16484	27007	38.26	0	N
293	h2tg000293l		57292	16739	11872	11768	16913	41.26	0	N
294	h2tg000294l		65540	19260	13286	13155	19839	40.34	0	N
295	h2tg000295l		97489	29734	18566	19036	30153	38.57	0	N
296	h2tg000296l		53869	16686	9876	10365	16942	37.57	0	N
297	h2tg000297l		94485	28464	18667	18955	28399	39.82	0	N
298	h2tg000298l		49192	14838	10219	9202	14933	39.48	0	N
299	h2tg000299l		61331	18895	11933	11815	18688	38.72	0	N
300	h2tg000300l		246249	76327	49124	46940	73858	39.01	0	N
301	h2tg000301l		57640	16941	11157	11274	18268	38.92	0	N
302	h2tg000302l		134425	40024	26494	28163	39744	40.66	0	N
303	h2tg000303l		96827	29437	19803	18763	28824	39.83	0	N
304	h2tg000304l		79175	24130	15803	14959	24283	38.85	0	N
305	h2tg000305l		118804	32838	26709	26612	32645	44.88	0	N
306	h2tg000306l		86261	26646	16930	16279	26406	38.50	0	N
307	h2tg000307l		61068810	17960926	11698435	11593994	17964852	39.33	0	N
308	h2tg000308l		50740	15029	9912	10371	15428	39.97	0	N
309	h2tg000309l		69401	20452	13306	13724	21919	38.95	0	N
310	h2tg000310l		64076	19952	12438	12249	19437	38.53	0	N
311	h2tg000311l		93932	26809	20086	19498	27539	42.14	0	N
312	h2tg000312l		55308	16013	11358	11426	16511	41.19	0	N
313	h2tg000313l		125479	38797	24406	24351	37925	38.86	0	N
314	h2tg000314l		44039	13353	8932	8268	13486	39.06	0	N
315	h2tg000315l		69314	21943	12814	13001	21556	37.24	0	N
316	h2tg000316l		129761	40919	24245	24811	39786	37.80	0	N
317	h2tg000317l		62457	20603	11380	10265	20209	34.66	0	N
318	h2tg000318l		66696	19797	13120	13636	20143	40.12	0	N
319	h2tg000319l		155311	46944	30354	29933	48080	38.82	0	N
320	h2tg000320l		58740	17788	12243	11396	17313	40.24	0	N
321	h2tg000321l		112015	34173	23315	21518	33009	40.02	0	N
322	h2tg000322l		76491	22773	15095	15211	23412	39.62	0	N
323	h2tg000323l		77043	22880	15287	15355	23521	39.77	0	N
324	h2tg000324l		64293	19157	12753	13010	19373	40.07	0	N
325	h2tg000325l		82057	24870	15794	16580	24813	39.45	0	N
326	h2tg000326l		63895	18928	13365	12384	19218	40.30	0	N
327	h2tg000327l		47255	10644	11846	13618	11147	53.89	0	N
328	h2tg000328l		58915	16636	11983	12094	18202	40.87	0	N
329	h2tg000329l		58353	18593	11570	10703	17487	38.17	0	N
330	h2tg000330l		57809	17552	10833	10557	18867	37.00	0	N
331	h2tg000331l		117398	35335	23285	22633	36145	39.11	0	N
332	h2tg000332l		66301	20488	12900	13355	19558	39.60	0	N
333	h2tg000333l		65090	19598	12796	13194	19502	39.93	0	N
334	h2tg000334l		71297	22534	14135	12925	21703	37.95	0	N
335	h2tg000335l		101730	27004	17813	24607	32306	41.70	0	N
336	h2tg000336l		75927	23493	14996	14541	22897	38.90	0	N
337	h2tg000337l		83888	25859	16261	16240	25528	38.74	0	N
338	h2tg000338l		59958	18648	11013	11806	18491	38.06	0	N
339	h2tg000339l		62345	18282	11607	13297	19159	39.95	0	N
340	h2tg000340l		78517	17348	20034	23237	17898	55.11	0	N
341	h2tg000341l		143362	43958	26225	27645	45534	37.58	0	N
342	h2tg000342l		118891	35392	24835	24464	34200	41.47	0	N
343	h2tg000343l		108656	33724	20944	19795	34193	37.49	0	N
344	h2tg000344l		60593	18474	12235	12017	17867	40.02	0	N
345	h2tg000345l		58401	17149	11057	12320	17875	40.03	0	N
346	h2tg000346l		55619	17366	9796	10861	17596	37.14	0	N
347	h2tg000347l		67032	21341	13069	13129	19493	39.08	0	N
348	h2tg000348l		87889	25703	19069	16974	26143	41.01	0	N
349	h2tg000349l		55959	16844	10621	10877	17617	38.42	0	N
350	h2tg000350l		68506	21342	12796	13236	21132	38.00	0	N
351	h2tg000351l		71082	21435	14941	13380	21326	39.84	0	N
352	h2tg000352l		66502	19692	12701	13436	20673	39.30	0	N
353	h2tg000353l		152637	46810	30538	29602	45687	39.40	0	N
354	h2tg000354l		217880	64566	43130	45747	64437	40.79	0	N
355	h2tg000355l		67446	21528	13146	12992	19780	38.75	0	N
356	h2tg000356l		49224	15821	9436	9239	14728	37.94	0	N
357	h2tg000357l		74705	22860	14483	14487	22875	38.78	0	N
358	h2tg000358l		49237	13919	10229	10629	14460	42.36	0	N
359	h2tg000359l		109400	33643	20502	21710	33545	38.59	0	N
360	h2tg000360l		54376	16815	10272	10378	16911	37.98	0	N
361	h2tg000361l		114065	33297	23435	23208	34125	40.89	0	N
362	h2tg000362l		48699	15075	9156	9332	15136	37.96	0	N
363	h2tg000363l		91230	27674	18627	17493	27436	39.59	0	N
364	h2tg000364l		46929	14807	9403	8700	14019	38.58	0	N
365	h2tg000365l		46935	14233	9045	9744	13913	40.03	0	N
366	h2tg000366l		88337	27016	17067	18088	26166	39.80	0	N
367	h2tg000367l		80184	23303	16293	17194	23394	41.76	0	N
368	h2tg000368l		68785	19413	13264	14683	21425	40.63	0	N
369	h2tg000369l		73921	21935	15141	15050	21795	40.84	0	N
370	h2tg000370l		50731	14471	10242	11003	15015	41.88	0	N
371	h2tg000371l		64533	18968	12203	12650	20712	38.51	0	N
372	h2tg000372l		98009	29627	20307	19508	28567	40.62	0	N
373	h2tg000373l		63652	19604	13166	12016	18866	39.56	0	N
374	h2tg000374l		57239	17345	11184	11067	17643	38.87	0	N
375	h2tg000375l		89621	25979	18460	17593	27589	40.23	0	N
376	h2tg000376l		58038	17999	11077	11541	17421	38.97	0	N
377	h2tg000377l		54303	15260	11038	11768	16237	42.00	0	N
378	h2tg000378l		93383	28418	18233	18447	28285	39.28	0	N
379	h2tg000379l		68261	21347	12840	13399	20675	38.44	0	N
380	h2tg000380l		98444	29273	19796	19154	30221	39.57	0	N
381	h2tg000381l		87248	26735	17275	17212	26026	39.53	0	N
382	h2tg000382l		51146	15405	9460	10812	15469	39.64	0	N
383	h2tg000383l		93168	28779	17841	18888	27660	39.42	0	N
384	h2tg000384l		66467	20585	12991	13124	19767	39.29	0	N
385	h2tg000385l		83323	24879	16707	16812	24925	40.23	0	N
386	h2tg000386l		54204	17175	9814	10723	16492	37.89	0	N
387	h2tg000387l		98690	30994	19536	18035	30125	38.07	0	N
388	h2tg000388l		84247	26513	15757	16483	25494	38.27	0	N
389	h2tg000389l		73865	22166	14424	14035	23240	38.53	0	N
390	h2tg000390l		76373	23155	14871	15740	22607	40.08	0	N
391	h2tg000391l		65049	19404	12846	12439	20360	38.87	0	N
392	h2tg000392l		61497	19520	11311	11262	19404	36.71	0	N
393	h2tg000393l		66803	20636	12466	12718	20983	37.70	0	N
394	h2tg000394l		51358	15108	10079	10270	15901	39.62	0	N
395	h2tg000395l		60209	17376	13034	11666	18133	41.02	0	N
396	h2tg000396l		69760	21091	13991	13435	21243	39.31	0	N
397	h2tg000397l		41737	12875	7644	8216	13002	38.00	0	N
398	h2tg000398l		73031	22077	13941	14625	22388	39.11	0	N
399	h2tg000399l		50916	15137	10101	10565	15113	40.59	0	N
400	h2tg000400l		123823	36144	23982	25861	37836	40.25	0	N
401	h2tg000401l		76412	23357	14589	14594	23872	38.19	0	N
402	h2tg000402l		71378	22400	14585	12864	21529	38.46	0	N
403	h2tg000403l		56379	17607	11262	10070	17440	37.84	0	N
404	h2tg000404l		46492	13901	9074	9305	14212	39.53	0	N
405	h2tg000405l		98905	30800	19902	18768	29435	39.10	0	N
406	h2tg000406l		52667	15464	10138	10656	16409	39.48	0	N
407	h2tg000407l		60502	17476	12334	10697	19995	38.07	0	N
408	h2tg000408l		75559	22753	14774	15241	22791	39.72	0	N
409	h2tg000409l		75801	22077	15995	15233	22496	41.20	0	N
410	h2tg000410l		52647	16567	10057	10337	15686	38.74	0	N
411	h2tg000411l		36446	11104	6707	7041	11594	37.72	0	N
412	h2tg000412l		74387	22318	14648	14799	22622	39.59	0	N
413	h2tg000413l		53008	15980	9994	10216	16818	38.13	0	N
414	h2tg000414l		53061	16403	10035	11798	14825	41.15	0	N
415	h2tg000415l		59533	17939	10973	12114	18507	38.78	0	N
416	h2tg000416l		56586	18463	10401	10522	17200	36.98	0	N
417	h2tg000417l		48905	14864	9174	9603	15264	38.39	0	N
418	h2tg000418l		88366	25984	18853	18114	25415	41.83	0	N
419	h2tg000419l		84136	25055	17466	16542	25073	40.42	0	N
420	h2tg000420l		49774	14241	9143	10335	16055	39.13	0	N
421	h2tg000421l		66644	19466	13293	13504	20381	40.21	0	N
422	h2tg000422l		60966	18949	12541	11656	17820	39.69	0	N
423	h2tg000423l		36811	8361	9027	10101	9322	51.96	0	N
424	h2tg000424l		46322	13949	8933	9541	13899	39.88	0	N
425	h2tg000425l		59518	17925	11898	12041	17654	40.22	0	N
426	h2tg000426l		45498	14749	8884	8205	13660	37.56	0	N
427	h2tg000427l		70608	21896	14584	14043	20085	40.54	0	N
428	h2tg000428l		53830	16827	10762	10612	15629	39.71	0	N
429	h2tg000429l		53423	15593	11096	11296	15438	41.91	0	N
430	h2tg000430l		75179	22075	14856	15390	22858	40.23	0	N
431	h2tg000431l		55883	17407	10144	10584	17748	37.09	0	N
