Seq	Header	Comment	Total segment length	A	C	G	T	GC content %	# soft-masked bases	Is circular: 
1	ptg000001l		45651274	13837378	8968599	8979051	13866246	39.31	0	N
2	ptg000002l		54055996	16246510	10739895	10777096	16292495	39.81	0	N
3	ptg000003l		59271212	17985060	11714462	11612997	17958693	39.36	0	N
4	ptg000004l		38027376	11524382	7473569	7506629	11522796	39.39	0	N
5	ptg000005l		61704420	18645782	12179659	12186397	18692582	39.49	0	N
6	ptg000006l		38521672	11582632	7689359	7647684	11601997	39.81	0	N
7	ptg000007l		42285308	12737509	8368553	8385101	12794145	39.62	0	N
8	ptg000008l		41957522	12681753	8316763	8322106	12636900	39.66	0	N
9	ptg000009l		57093733	17310108	11249947	11235059	17298619	39.38	0	N
10	ptg000010l		39824047	12001580	7920315	7892040	12010112	39.71	0	N
11	ptg000011l		33788408	10173370	6719776	6724548	10170714	39.79	0	N
12	ptg000012l		60816	13444	15355	17795	14222	54.51	0	N
13	ptg000013l		20293496	6078717	4055064	4052802	6106913	39.95	0	N
14	ptg000014l		6725489	2038955	1325909	1324717	2035908	39.41	0	N
15	ptg000015l		56568	12867	15621	15496	12584	55.01	0	N
16	ptg000016l		1848943	512117	337855	445162	553809	42.35	0	N
17	ptg000017l		272416	62388	67871	76521	65636	53.00	0	N
18	ptg000018l		64440	17548	14619	14844	17429	45.72	0	N
19	ptg000019l		58330	13317	17231	14834	12948	54.97	0	N
20	ptg000020c		184297	40935	47432	54440	41490	55.28	0	Y
21	ptg000021l		272542	80326	55923	56965	79328	41.42	0	N
22	ptg000022l		198530	60810	37364	37206	63150	37.56	0	Y
23	ptg000023l		524921	116447	133676	153800	120998	54.77	0	N
24	ptg000024l		56479	17802	10807	10605	17265	37.91	0	N
25	ptg000025l		71135	16099	21025	18153	15858	55.08	0	N
26	ptg000026l		136306	37456	30674	31103	37073	45.32	0	N
27	ptg000027l		214149	60243	46825	46823	60258	43.73	0	N
28	ptg000028l		79169	17534	20206	23364	18065	55.03	0	N
29	ptg000029c		56346	12660	14288	16506	12892	54.65	0	Y
30	ptg000030l		86306	19870	23480	24288	18668	55.35	0	N
31	ptg000031l		181298	41131	53682	46317	40168	55.16	0	N
32	ptg000032l		195008	44150	48511	54665	47682	52.91	0	N
33	ptg000033l		79721	24698	15331	15752	23940	38.99	0	N
34	ptg000034l		42060	10118	12122	10539	9281	53.88	0	N
35	ptg000035l		116421	25996	32049	32109	26267	55.11	0	N
36	ptg000036l		55519	15434	12635	12486	14964	45.25	0	N
37	ptg000037l		50302	17253	7556	7898	17595	30.72	0	N
38	ptg000038l		54413	12073	15153	14829	12358	55.10	0	N
39	ptg000039l		67208	15222	19778	17396	14812	55.31	0	N
40	ptg000040l		57617	12589	14593	16741	13694	54.38	0	N
41	ptg000041l		84302	19347	23791	21988	19176	54.30	0	N
42	ptg000042l		140617	38983	31196	31870	38568	44.85	0	N
43	ptg000043l		37756	8634	9430	10703	8989	53.32	0	N
44	ptg000044l		56408	12677	14304	16487	12940	54.59	0	N
45	ptg000045l		118804	32838	26709	26612	32645	44.88	0	N
46	ptg000046l		53645	15943	11294	10732	15676	41.06	0	N
47	ptg000047l		86414	18848	24309	23531	19726	55.36	0	N
48	ptg000048l		53318	12286	14729	14882	11421	55.54	0	N
49	ptg000049l		81593	27761	25480	9402	18950	42.75	0	N
50	ptg000050l		38596	8661	9795	11286	8854	54.62	0	N
51	ptg000051l		38223	9827	10405	9242	8749	51.40	0	N
52	ptg000052l		43085	9628	10940	12592	9925	54.62	0	N
53	ptg000053l		30917	7038	8467	8619	6793	55.26	0	N
54	ptg000054l		62207	16928	14153	14296	16830	45.73	0	N
55	ptg000055l		110367	30335	17043	27135	35854	40.03	0	N
56	ptg000056l		46502	14169	8238	8798	15297	36.63	0	N
