1	4240105581
2	250144768
3	60987066
4	25534180
5	13367677
6	7865800
7	4898199
8	3242555
9	2257760
10	1644372
11	1255494
12	1005915
13	850075
14	763746
15	741561
16	792263
17	923226
18	1156466
19	1519517
20	2047911
21	2756466
22	3664346
23	4797566
24	6137699
25	7679232
26	9400969
27	11241306
28	13127163
29	15007417
30	16805938
31	18407796
32	19752499
33	20756363
34	21378377
35	21570755
36	21433461
37	20929504
38	20116161
39	19020179
40	17701425
41	16237352
42	14677548
43	13112657
44	11550223
45	10055265
46	8673956
47	7449632
48	6372755
49	5455598
50	4692183
51	4104187
52	3649685
53	3331015
54	3128500
55	3024037
56	3006361
57	3055994
58	3168770
59	3322913
60	3506945
61	3718425
62	3937990
63	4148900
64	4349664
65	4532418
66	4687565
67	4822754
68	4919448
69	4974816
70	4995387
71	4968937
72	4922572
73	4834403
74	4710295
75	4563515
76	4389910
77	4194133
78	3990582
79	3761967
80	3529878
81	3297181
82	3061112
83	2821317
84	2593832
85	2377284
86	2177494
87	1984703
88	1803566
89	1640913
90	1491061
91	1355198
92	1242123
93	1142993
94	1056936
95	982751
96	920532
97	870807
98	832262
99	799062
100	773118
101	755856
102	737706
103	727037
104	714630
105	710317
106	701974
107	696074
108	690696
109	683625
110	675394
111	667977
112	655995
113	647789
114	632884
115	621113
116	607892
117	589853
118	576349
119	555977
120	539710
121	523058
122	508034
123	491923
124	472337
125	456509
126	442424
127	427226
128	414497
129	402735
130	390673
131	380855
132	371229
133	362948
134	355361
135	350348
136	344235
137	339756
138	337800
139	332969
140	329270
141	324838
142	323044
143	322660
144	320061
145	317290
146	313476
147	310592
148	307327
149	302885
150	300430
151	296386
152	291254
153	286516
154	281882
155	277050
156	271756
157	266290
158	262146
159	255982
160	251530
161	245564
162	240518
163	235818
164	229764
165	224719
166	220136
167	215108
168	210314
169	206788
170	202324
171	198667
172	195737
173	192344
174	189040
175	185200
176	182597
177	180211
178	177117
179	174611
180	171897
181	170271
182	167445
183	165362
184	164092
185	161696
186	159202
187	157427
188	154577
189	152759
190	151157
191	150287
192	147590
193	145944
194	143089
195	141221
196	138658
197	137497
198	135820
199	133145
200	130071
201	128404
202	127270
203	124871
204	122780
205	121804
206	119265
207	118069
208	116282
209	114521
210	112992
211	111980
212	111289
213	109389
214	108305
215	107038
216	106019
217	104590
218	103103
219	102552
220	100503
221	100044
222	98367
223	97353
224	96112
225	95123
226	93319
227	92733
228	91798
229	90583
230	89178
231	88443
232	87790
233	86122
234	85181
235	83866
236	82935
237	82191
238	81346
239	80304
240	78736
241	78101
242	76625
243	76210
244	75271
245	74158
246	73365
247	72442
248	71451
249	70993
250	69919
251	69437
252	69014
253	67939
254	67268
255	67019
256	66135
257	65594
258	65321
259	63435
260	63203
261	62896
262	62134
263	62193
264	60676
265	60635
266	60524
267	59742
268	59225
269	58269
270	58177
271	57680
272	57467
273	56842
274	55486
275	54889
276	54596
277	54280
278	53803
279	52942
280	52550
281	51555
282	51138
283	51005
284	50209
285	49654
286	49238
287	48479
288	48025
289	47418
290	47077
291	46409
292	46024
293	45639
294	45127
295	45052
296	44307
297	44117
298	43581
299	42927
300	42564
301	42091
302	41793
303	41397
304	40882
305	40533
306	40311
307	39871
308	39513
309	39228
310	38883
311	38579
312	38344
313	37869
314	37727
315	37389
316	36722
317	36635
318	36155
319	35703
320	35633
321	34821
322	34831
323	34136
324	33734
325	34201
326	33576
327	33581
328	33506
329	32565
330	32623
331	32050
332	32096
333	31356
334	31534
335	31142
336	30815
337	30292
338	30106
339	29809
340	29887
341	29499
342	29160
343	29032
344	28867
345	28631
346	28048
347	27947
348	27805
349	27558
350	27157
351	26802
352	26806
353	26630
354	26500
355	26361
356	26195
357	25995
358	25872
359	25769
360	25718
361	25443
362	25324
363	24920
364	24686
365	24529
366	24176
367	24122
368	24134
369	23496
370	23553
371	23694
372	23356
373	23215
374	23145
375	22831
376	22787
377	22576
378	22152
379	22005
380	22222
381	22057
382	22011
383	21812
384	21756
385	21559
386	21057
387	20946
388	20706
389	20420
390	20644
391	20303
392	20257
393	20068
394	19925
395	19762
396	19638
397	19296
398	19323
399	19211
400	19015
401	19018
402	19141
403	18585
404	18540
405	18736
406	18430
407	18303
408	17963
409	18110
410	17946
411	17709
412	17721
413	17528
414	17445
415	17374
416	17147
417	17111
418	16989
419	17170
420	16824
421	16801
422	16698
423	16689
424	16325
425	16574
426	16043
427	15948
428	15774
429	15966
430	15688
431	15771
432	15712
433	15567
434	15364
435	15266
436	15152
437	15310
438	14950
439	15041
440	14640
441	15122
442	14493
443	14535
444	14475
445	14320
446	14368
447	14233
448	14005
449	14143
450	13872
451	13907
452	13960
453	13442
454	13676
455	13411
456	13536
457	13370
458	13366
459	13131
460	13037
461	13203
462	12883
463	12736
464	12712
465	12632
466	12593
467	12415
468	12393
469	12440
470	12124
471	12263
472	12082
473	11943
474	12108
475	12044
476	11929
477	11592
478	11593
479	11492
480	11283
481	11547
482	11347
483	11437
484	11317
485	11241
486	11318
487	11081
488	11105
489	11330
490	11049
491	10912
492	10626
493	10800
494	10855
495	10550
496	10535
497	10555
498	10368
499	10463
500	10320
501	10229
502	10214
503	10052
504	10255
505	9785
506	9771
507	9783
508	9988
509	9750
510	9769
511	9654
512	9546
513	9653
514	9574
515	9411
516	9481
517	9205
518	9294
519	9419
520	9289
521	9021
522	9254
523	9085
524	8968
525	8951
526	8953
527	8836
528	8593
529	8684
530	8788
531	8715
532	8694
533	8782
534	8628
535	8574
536	8496
537	8533
538	8581
539	8481
540	8422
541	8426
542	8186
543	8180
544	8045
545	8317
546	8379
547	8109
548	8193
549	8065
550	7921
551	8136
552	8100
553	8061
554	8050
555	7793
556	7810
557	7840
558	7924
559	7673
560	7711
561	7571
562	7542
563	7641
564	7488
565	7380
566	7498
567	7327
568	7215
569	7335
570	7172
571	7425
572	6996
573	7040
574	7171
575	7082
576	7198
577	7037
578	7046
579	6894
580	6965
581	6980
582	6691
583	6824
584	6844
585	6675
586	6930
587	6612
588	6731
589	6517
590	6675
591	6541
592	6419
593	6497
594	6505
595	6476
596	6474
597	6396
598	6370
599	6445
600	6330
601	6466
602	6309
603	6323
604	6285
605	6326
606	6200
607	6164
608	6121
609	6057
610	6188
611	6007
612	5926
613	5937
614	6064
615	5965
616	6055
617	5994
618	5914
619	5861
620	5781
621	5827
622	5843
623	5780
624	5781
625	5823
626	5875
627	5693
628	5602
629	5678
630	5579
631	5528
632	5509
633	5449
634	5465
635	5504
636	5463
637	5414
638	5566
639	5423
640	5385
641	5406
642	5313
643	5456
644	5299
645	5277
646	5278
647	5445
648	5263
649	5120
650	5084
651	5111
652	5140
653	5018
654	5108
655	5039
656	5179
657	4958
658	5117
659	5014
660	4858
661	4875
662	4932
663	5027
664	4958
665	4720
666	4839
667	4850
668	4884
669	4819
670	4660
671	4664
672	4632
673	4768
674	4566
675	4504
676	4583
677	4628
678	4526
679	4664
680	4666
681	4538
682	4416
683	4504
684	4572
685	4440
686	4432
687	4401
688	4541
689	4356
690	4368
691	4476
692	4321
693	4364
694	4241
695	4243
696	4274
697	4275
698	4395
699	4255
700	4332
701	4204
702	4129
703	4180
704	4178
705	4247
706	4024
707	4188
708	4179
709	4126
710	4029
711	4109
712	4055
713	4067
714	4109
715	4077
716	4084
717	4068
718	3863
719	4030
720	3914
721	3896
722	3931
723	3921
724	3823
725	3757
726	3739
727	3718
728	3720
729	3824
730	3807
731	3801
732	3766
733	3741
734	3638
735	3640
736	3658
737	3700
738	3645
739	3590
740	3654
741	3598
742	3554
743	3618
744	3592
745	3564
746	3611
747	3524
748	3553
749	3493
750	3453
751	3428
752	3463
753	3557
754	3469
755	3459
756	3442
757	3471
758	3513
759	3379
760	3485
761	3425
762	3434
763	3333
764	3359
765	3403
766	3440
767	3400
768	3313
769	3391
770	3213
771	3363
772	3349
773	3263
774	3273
775	3195
776	3201
777	3238
778	3125
779	3226
780	3258
781	3183
782	3134
783	3181
784	3102
785	3144
786	3125
787	3104
788	2984
789	3078
790	2956
791	3054
792	3024
793	3049
794	3043
795	2961
796	3035
797	2966
798	2907
799	3013
800	3000
801	3005
802	2962
803	2941
804	2941
805	2889
806	2868
807	2884
808	2829
809	2854
810	2837
811	2814
812	2796
813	2801
814	2839
815	2739
816	2724
817	2778
818	2711
819	2692
820	2864
821	2711
822	2803
823	2732
824	2702
825	2779
826	2701
827	2655
828	2753
829	2661
830	2706
831	2688
832	2759
833	2699
834	2627
835	2569
836	2630
837	2588
838	2623
839	2625
840	2544
841	2615
842	2524
843	2501
844	2558
845	2590
846	2519
847	2470
848	2633
849	2520
850	2509
851	2472
852	2604
853	2543
854	2567
855	2503
856	2498
857	2456
858	2440
859	2522
860	2425
861	2467
862	2429
863	2447
864	2474
865	2432
866	2336
867	2439
868	2348
869	2424
870	2353
871	2427
872	2327
873	2385
874	2357
875	2378
876	2314
877	2344
878	2407
879	2236
880	2293
881	2286
882	2292
883	2241
884	2300
885	2198
886	2256
887	2298
888	2215
889	2252
890	2211
891	2209
892	2278
893	2162
894	2176
895	2196
896	2197
897	2226
898	2161
899	2170
900	2156
901	2128
902	2139
903	2190
904	2117
905	2123
906	2123
907	2186
908	2149
909	2090
910	2122
911	2140
912	2164
913	2076
914	2008
915	2073
916	2019
917	2108
918	2049
919	2061
920	2007
921	1957
922	2038
923	1993
924	1968
925	2083
926	1981
927	2053
928	2030
929	1958
930	2034
931	1933
932	2026
933	2025
934	1940
935	1913
936	1947
937	1978
938	2006
939	2014
940	1994
941	1937
942	2009
943	1964
944	1977
945	1875
946	1957
947	1973
948	1884
949	1850
950	1805
951	1951
952	1925
953	1944
954	1888
955	1826
956	1886
957	1903
958	1844
959	1847
960	1767
961	1788
962	1833
963	1815
964	1805
965	1787
966	1824
967	1786
968	1795
969	1759
970	1816
971	1830
972	1817
973	1805
974	1807
975	1817
976	1784
977	1734
978	1702
979	1731
980	1851
981	1769
982	1697
983	1767
984	1778
985	1756
986	1790
987	1682
988	1694
989	1726
990	1691
991	1687
992	1710
993	1730
994	1704
995	1741
996	1714
997	1645
998	1684
999	1773
1000	1675
1001	1669
1002	1633
1003	1658
1004	1597
1005	1623
1006	1658
1007	1565
1008	1648
1009	1627
1010	1649
1011	1582
1012	1604
1013	1588
1014	1577
1015	1629
1016	1696
1017	1651
1018	1607
1019	1664
1020	1648
1021	1558
1022	1662
1023	1663
1024	1565
1025	1586
1026	1575
1027	1551
1028	1557
1029	1537
1030	1549
1031	1550
1032	1501
1033	1498
1034	1617
1035	1555
1036	1527
1037	1565
1038	1562
1039	1631
1040	1514
1041	1585
1042	1483
1043	1499
1044	1562
1045	1479
1046	1506
1047	1527
1048	1530
1049	1425
1050	1455
1051	1471
1052	1517
1053	1479
1054	1452
1055	1435
1056	1523
1057	1494
1058	1470
1059	1495
1060	1520
1061	1464
1062	1422
1063	1415
1064	1481
1065	1528
1066	1390
1067	1400
1068	1434
1069	1408
1070	1325
1071	1452
1072	1366
1073	1329
1074	1336
1075	1462
1076	1384
1077	1379
1078	1489
1079	1375
1080	1434
1081	1313
1082	1345
1083	1401
1084	1261
1085	1297
1086	1315
1087	1360
1088	1326
1089	1375
1090	1474
1091	1382
1092	1398
1093	1322
1094	1404
1095	1313
1096	1336
1097	1331
1098	1352
1099	1399
1100	1339
1101	1308
1102	1336
1103	1380
1104	1365
1105	1323
1106	1363
1107	1351
1108	1314
1109	1280
1110	1369
1111	1307
1112	1340
1113	1409
1114	1276
1115	1299
1116	1259
1117	1294
1118	1237
1119	1277
1120	1293
1121	1299
1122	1297
1123	1272
1124	1312
1125	1325
1126	1295
1127	1266
1128	1281
1129	1197
1130	1200
1131	1248
1132	1179
1133	1211
1134	1213
1135	1249
1136	1302
1137	1187
1138	1279
1139	1154
1140	1244
1141	1205
1142	1218
1143	1196
1144	1202
1145	1238
1146	1173
1147	1237
1148	1207
1149	1218
1150	1226
1151	1221
1152	1175
1153	1204
1154	1202
1155	1180
1156	1126
1157	1224
1158	1229
1159	1213
1160	1205
1161	1157
1162	1190
1163	1194
1164	1204
1165	1164
1166	1189
1167	1231
1168	1169
1169	1131
1170	1220
1171	1201
1172	1182
1173	1158
1174	1147
1175	1178
1176	1184
1177	1093
1178	1175
1179	1166
1180	1143
1181	1120
1182	1154
1183	1109
1184	1100
1185	1144
1186	1186
1187	1141
1188	1037
1189	1091
1190	1079
1191	1133
1192	1025
1193	1086
1194	1135
1195	1065
1196	1111
1197	1100
1198	1159
1199	1133
1200	1146
1201	1110
1202	1012
1203	1131
1204	1084
1205	1075
1206	1064
1207	1031
1208	1105
1209	1159
1210	1106
1211	1092
1212	1034
1213	1099
1214	1085
1215	1039
1216	1159
1217	1076
1218	1062
1219	1133
1220	1107
1221	1069
1222	1072
1223	1103
1224	1125
1225	1136
1226	1034
1227	1046
1228	1106
1229	1098
1230	1011
1231	1026
1232	1123
1233	1075
1234	1058
1235	1044
1236	1093
1237	1017
1238	1069
1239	1010
1240	1079
1241	1021
1242	1077
1243	1006
1244	1050
1245	1005
1246	1084
1247	1030
1248	996
1249	1031
1250	1044
1251	1079
1252	1057
1253	1037
1254	993
1255	996
1256	1039
1257	1045
1258	1046
1259	970
1260	1043
1261	981
1262	1086
1263	1070
1264	1026
1265	1014
1266	1065
1267	1100
1268	1056
1269	1061
1270	1060
1271	1013
1272	973
1273	1013
1274	1035
1275	1054
1276	990
1277	1057
1278	1054
1279	1033
1280	1027
1281	1024
1282	1029
1283	1001
1284	1086
1285	1044
1286	1019
1287	1031
1288	1041
1289	1087
1290	1035
1291	988
1292	1044
1293	1006
1294	1070
1295	1041
1296	1001
1297	973
1298	1030
1299	1027
1300	1028
1301	981
1302	1031
1303	966
1304	1043
1305	1053
1306	1022
1307	946
1308	1004
1309	1025
1310	1037
1311	978
1312	993
1313	1052
1314	1052
1315	1030
1316	1033
1317	1091
1318	1036
1319	1014
1320	1054
1321	1012
1322	1007
1323	950
1324	1011
1325	988
1326	1014
1327	987
1328	1026
1329	997
1330	1037
1331	1049
1332	1015
1333	1017
1334	1030
1335	1016
1336	1038
1337	956
1338	989
1339	994
1340	935
1341	1004
1342	965
1343	979
1344	1095
1345	1027
1346	1029
1347	965
1348	986
1349	1044
1350	999
1351	1026
1352	1041
1353	986
1354	1047
1355	1011
1356	1064
1357	1040
1358	1016
1359	1069
1360	1006
1361	1056
1362	1027
1363	1025
1364	1006
1365	998
1366	1033
1367	984
1368	1004
1369	1005
1370	964
1371	1014
1372	1088
1373	1098
1374	1000
1375	1021
1376	1054
1377	1036
1378	1028
1379	1020
1380	1032
1381	1058
1382	1008
1383	1040
1384	1010
1385	967
1386	975
1387	1023
1388	1032
1389	1054
1390	1065
1391	1123
1392	966
1393	1013
1394	1041
1395	1088
1396	1031
1397	1070
1398	984
1399	1078
1400	1025
1401	1022
1402	1088
1403	1037
1404	1027
1405	1052
1406	1099
1407	1031
1408	1038
1409	1046
1410	1064
1411	1039
1412	1032
1413	1016
1414	1061
1415	1022
1416	1060
1417	1031
1418	1121
1419	1068
1420	1007
1421	1066
1422	1031
1423	1031
1424	998
1425	999
1426	1086
1427	1001
1428	992
1429	1032
1430	1078
1431	1041
1432	994
1433	1052
1434	1058
1435	1082
1436	1066
1437	1004
1438	977
1439	999
1440	1061
1441	986
1442	990
1443	1024
1444	1022
1445	1052
1446	1049
1447	993
1448	1052
1449	1060
1450	1056
1451	1034
1452	1075
1453	1080
1454	1054
1455	1002
1456	1056
1457	1023
1458	1054
1459	1005
1460	1010
1461	984
1462	995
1463	1008
1464	1017
1465	1032
1466	1010
1467	974
1468	1040
1469	1065
1470	1043
1471	954
1472	975
1473	976
1474	1012
1475	980
1476	981
1477	1032
1478	1002
1479	978
1480	958
1481	1048
1482	985
1483	1007
1484	955
1485	993
1486	1023
1487	989
1488	1018
1489	979
1490	954
1491	993
1492	927
1493	994
1494	960
1495	925
1496	934
1497	991
1498	913
1499	872
1500	944
1501	946
1502	985
1503	921
1504	928
1505	989
1506	990
1507	916
1508	958
1509	945
1510	926
1511	929
1512	918
1513	1033
1514	970
1515	919
1516	977
1517	1007
1518	992
1519	890
1520	928
1521	940
1522	915
1523	895
1524	881
1525	884
1526	915
1527	880
1528	853
1529	873
1530	892
1531	904
1532	916
1533	912
1534	918
1535	887
1536	868
1537	899
1538	936
1539	851
1540	917
1541	878
1542	870
1543	890
1544	856
1545	910
1546	845
1547	869
1548	880
1549	872
1550	858
1551	824
1552	854
1553	852
1554	836
1555	823
1556	820
1557	804
1558	836
1559	831
1560	833
1561	813
1562	812
1563	785
1564	821
1565	786
1566	856
1567	789
1568	805
1569	789
1570	850
1571	855
1572	802
1573	792
1574	785
1575	793
1576	806
1577	785
1578	793
1579	769
1580	755
1581	805
1582	806
1583	812
1584	776
1585	734
1586	778
1587	795
1588	755
1589	768
1590	747
1591	740
1592	712
1593	789
1594	733
1595	706
1596	724
1597	791
1598	727
1599	756
1600	757
1601	717
1602	771
1603	762
1604	762
1605	733
1606	705
1607	744
1608	722
1609	715
1610	680
1611	677
1612	735
1613	764
1614	742
1615	717
1616	752
1617	684
1618	712
1619	707
1620	750
1621	715
1622	728
1623	669
1624	697
1625	720
1626	690
1627	694
1628	707
1629	642
1630	639
1631	684
1632	657
1633	673
1634	652
1635	651
1636	664
1637	655
1638	658
1639	630
1640	612
1641	638
1642	653
1643	657
1644	689
1645	619
1646	598
1647	595
1648	670
1649	658
1650	647
1651	627
1652	644
1653	631
1654	727
1655	620
1656	673
1657	660
1658	642
1659	661
1660	660
1661	663
1662	618
1663	644
1664	626
1665	639
1666	649
1667	641
1668	613
1669	638
1670	614
1671	602
1672	624
1673	583
1674	617
1675	610
1676	623
1677	544
1678	590
1679	612
1680	588
1681	594
1682	596
1683	601
1684	575
1685	573
1686	563
1687	578
1688	584
1689	556
1690	600
1691	586
1692	606
1693	595
1694	609
1695	621
1696	595
1697	563
1698	575
1699	556
1700	578
1701	581
1702	577
1703	602
1704	555
1705	521
1706	527
1707	573
1708	534
1709	596
1710	528
1711	616
1712	503
1713	556
1714	570
1715	550
1716	561
1717	532
1718	567
1719	588
1720	544
1721	553
1722	530
1723	502
1724	498
1725	526
1726	583
1727	564
1728	503
1729	523
1730	533
1731	502
1732	522
1733	520
1734	508
1735	543
1736	501
1737	500
1738	518
1739	496
1740	471
1741	514
1742	486
1743	515
1744	506
1745	500
1746	529
1747	499
1748	492
1749	505
1750	505
1751	469
1752	506
1753	484
1754	527
1755	484
1756	545
1757	511
1758	486
1759	542
1760	518
1761	488
1762	502
1763	488
1764	488
1765	466
1766	493
1767	485
1768	516
1769	492
1770	446
1771	448
1772	481
1773	502
1774	436
1775	531
1776	464
1777	456
1778	458
1779	503
1780	499
1781	420
1782	477
1783	509
1784	514
1785	482
1786	498
1787	491
1788	475
1789	467
1790	428
1791	459
1792	477
1793	493
1794	482
1795	439
1796	442
1797	456
1798	444
1799	438
1800	466
1801	452
1802	497
1803	470
1804	413
1805	440
1806	439
1807	445
1808	410
1809	470
1810	399
1811	433
1812	433
1813	433
1814	445
1815	451
1816	433
1817	452
1818	428
1819	474
1820	416
1821	413
1822	440
1823	460
1824	435
1825	446
1826	453
1827	431
1828	452
1829	447
1830	440
1831	415
1832	432
1833	419
1834	471
1835	449
1836	412
1837	416
1838	384
1839	416
1840	394
1841	448
1842	440
1843	427
1844	416
1845	417
1846	405
1847	434
1848	412
1849	414
1850	390
1851	400
1852	443
1853	382
1854	373
1855	417
1856	443
1857	382
1858	401
1859	429
1860	395
1861	438
1862	441
1863	416
1864	419
1865	453
1866	421
1867	360
1868	392
1869	396
1870	399
1871	408
1872	376
1873	409
1874	421
1875	397
1876	412
1877	380
1878	420
1879	402
1880	403
1881	396
1882	379
1883	416
1884	398
1885	368
1886	421
1887	402
1888	384
1889	413
1890	409
1891	380
1892	375
1893	399
1894	420
1895	384
1896	378
1897	387
1898	403
1899	365
1900	389
1901	352
1902	336
1903	457
1904	373
1905	359
1906	377
1907	392
1908	415
1909	401
1910	388
1911	368
1912	391
1913	344
1914	378
1915	364
1916	409
1917	399
1918	361
1919	382
1920	384
1921	319
1922	377
1923	399
1924	389
1925	366
1926	327
1927	406
1928	357
1929	435
1930	384
1931	362
1932	367
1933	376
1934	381
1935	360
1936	414
1937	366
1938	392
1939	372
1940	400
1941	365
1942	388
1943	363
1944	353
1945	359
1946	366
1947	373
1948	353
1949	379
1950	387
1951	362
1952	347
1953	358
1954	356
1955	344
1956	339
1957	384
1958	350
1959	337
1960	344
1961	340
1962	352
1963	391
1964	341
1965	358
1966	335
1967	347
1968	367
1969	380
1970	339
1971	398
1972	356
1973	363
1974	362
1975	360
1976	354
1977	324
1978	345
1979	368
1980	338
1981	352
1982	340
1983	358
1984	359
1985	329
1986	376
1987	385
1988	349
1989	365
1990	345
1991	402
1992	341
1993	357
1994	340
1995	326
1996	332
1997	351
1998	317
1999	341
2000	346
2001	380
2002	341
2003	334
2004	348
2005	355
2006	357
2007	378
2008	394
2009	330
2010	363
2011	325
2012	361
2013	351
2014	345
2015	332
2016	355
2017	347
2018	382
2019	298
2020	349
2021	342
2022	333
2023	321
2024	323
2025	332
2026	324
2027	335
2028	364
2029	303
2030	327
2031	328
2032	321
2033	361
2034	336
2035	339
2036	337
2037	320
2038	351
2039	316
2040	303
2041	324
2042	369
2043	317
2044	319
2045	318
2046	337
2047	345
2048	312
2049	321
2050	314
2051	328
2052	292
2053	297
2054	344
2055	319
2056	336
2057	295
2058	317
2059	316
2060	308
2061	343
2062	291
2063	319
2064	313
2065	330
2066	301
2067	310
2068	295
2069	340
2070	315
2071	349
2072	306
2073	314
2074	339
2075	310
2076	287
2077	300
2078	336
2079	304
2080	351
2081	300
2082	346
2083	288
2084	319
2085	301
2086	291
2087	308
2088	284
2089	305
2090	305
2091	288
2092	314
2093	291
2094	314
2095	316
2096	308
2097	309
2098	286
2099	300
2100	310
2101	308
2102	274
2103	265
2104	300
2105	342
2106	290
2107	312
2108	305
2109	287
2110	296
2111	305
2112	255
2113	307
2114	294
2115	278
2116	298
2117	278
2118	318
2119	284
2120	292
2121	274
2122	286
2123	267
2124	302
2125	296
2126	286
2127	271
2128	293
2129	295
2130	287
2131	320
2132	275
2133	293
2134	302
2135	292
2136	290
2137	308
2138	308
2139	321
2140	291
2141	288
2142	238
2143	296
2144	268
2145	277
2146	291
2147	291
2148	249
2149	284
2150	284
2151	295
2152	256
2153	280
2154	303
2155	290
2156	274
2157	276
2158	299
2159	268
2160	262
2161	296
2162	272
2163	255
2164	285
2165	262
2166	274
2167	299
2168	277
2169	308
2170	285
2171	298
2172	307
2173	284
2174	289
2175	271
2176	287
2177	267
2178	298
2179	261
2180	259
2181	287
2182	282
2183	258
2184	288
2185	288
2186	287
2187	263
2188	258
2189	306
2190	283
2191	278
2192	279
2193	276
2194	277
2195	323
2196	273
2197	275
2198	291
2199	272
2200	291
2201	325
2202	276
2203	267
2204	265
2205	281
2206	267
2207	256
2208	285
2209	241
2210	271
2211	279
2212	256
2213	273
2214	263
2215	256
2216	278
2217	270
2218	262
2219	290
2220	266
2221	254
2222	229
2223	237
2224	263
2225	258
2226	289
2227	236
2228	264
2229	232
2230	234
2231	255
2232	247
2233	253
2234	277
2235	279
2236	234
2237	240
2238	259
2239	257
2240	243
2241	270
2242	257
2243	248
2244	287
2245	278
2246	236
2247	281
2248	259
2249	240
2250	264
2251	284
2252	264
2253	254
2254	262
2255	252
2256	261
2257	248
2258	264
2259	277
2260	255
2261	277
2262	215
2263	242
2264	266
2265	236
2266	247
2267	244
2268	245
2269	276
2270	217
2271	242
2272	244
2273	289
2274	239
2275	271
2276	264
2277	260
2278	261
2279	244
2280	252
2281	250
2282	272
2283	229
2284	271
2285	272
2286	235
2287	272
2288	259
2289	246
2290	286
2291	277
2292	223
2293	268
2294	234
2295	226
2296	270
2297	250
2298	213
2299	245
2300	271
2301	250
2302	233
2303	288
2304	266
2305	246
2306	264
2307	271
2308	243
2309	232
2310	258
2311	251
2312	227
2313	239
2314	226
2315	242
2316	241
2317	252
2318	238
2319	255
2320	251
2321	270
2322	239
2323	226
2324	235
2325	258
2326	251
2327	238
2328	241
2329	217
2330	243
2331	242
2332	244
2333	238
2334	246
2335	236
2336	258
2337	262
2338	254
2339	239
2340	257
2341	224
2342	260
2343	240
2344	247
2345	229
2346	258
2347	287
2348	264
2349	240
2350	252
2351	223
2352	219
2353	233
2354	207
2355	257
2356	253
2357	220
2358	253
2359	240
2360	240
2361	235
2362	227
2363	230
2364	250
2365	245
2366	263
2367	234
2368	224
2369	250
2370	246
2371	264
2372	242
2373	241
2374	227
2375	255
2376	230
2377	242
2378	243
2379	261
2380	253
2381	273
2382	232
2383	214
2384	254
2385	250
2386	241
2387	251
2388	250
2389	207
2390	234
2391	234
2392	245
2393	248
2394	251
2395	240
2396	206
2397	256
2398	201
2399	259
2400	239
2401	230
2402	258
2403	202
2404	257
2405	218
2406	252
2407	252
2408	205
2409	241
2410	216
2411	238
2412	219
2413	231
2414	225
2415	251
2416	242
2417	222
2418	222
2419	248
2420	241
2421	238
2422	236
2423	257
2424	214
2425	235
2426	225
2427	239
2428	231
2429	239
2430	277
2431	228
2432	243
2433	239
2434	239
2435	237
2436	245
2437	230
2438	224
2439	244
2440	246
2441	250
2442	249
2443	242
2444	227
2445	223
2446	250
2447	245
2448	236
2449	240
2450	241
2451	243
2452	211
2453	217
2454	204
2455	245
2456	217
2457	231
2458	211
2459	279
2460	212
2461	229
2462	235
2463	259
2464	239
2465	221
2466	206
2467	219
2468	278
2469	243
2470	233
2471	244
2472	226
2473	267
2474	230
2475	232
2476	227
2477	203
2478	233
2479	238
2480	236
2481	245
2482	232
2483	268
2484	219
2485	243
2486	209
2487	233
2488	240
2489	227
2490	240
2491	219
2492	231
2493	224
2494	214
2495	228
2496	211
2497	233
2498	215
2499	223
2500	221
2501	230
2502	251
2503	235
2504	260
2505	228
2506	251
2507	208
2508	239
2509	208
2510	225
2511	244
2512	236
2513	225
2514	214
2515	236
2516	228
2517	246
2518	228
2519	261
2520	252
2521	226
2522	240
2523	238
2524	246
2525	219
2526	226
2527	239
2528	229
2529	249
2530	228
2531	249
2532	232
2533	222
2534	246
2535	249
2536	221
2537	232
2538	235
2539	248
2540	255
2541	250
2542	254
2543	259
2544	210
2545	262
2546	255
2547	245
2548	226
2549	244
2550	256
2551	219
2552	283
2553	237
2554	245
2555	243
2556	242
2557	264
2558	251
2559	244
2560	252
2561	247
2562	234
2563	234
2564	241
2565	237
2566	240
2567	246
2568	269
2569	237
2570	245
2571	261
2572	248
2573	217
2574	255
2575	254
2576	254
2577	259
2578	240
2579	241
2580	227
2581	284
2582	261
2583	227
2584	236
2585	248
2586	258
2587	244
2588	228
2589	236
2590	262
2591	235
2592	239
2593	283
2594	254
2595	262
2596	252
2597	239
2598	255
2599	229
2600	257
2601	253
2602	232
2603	230
2604	248
2605	258
2606	248
2607	252
2608	242
2609	237
2610	269
2611	245
2612	264
2613	241
2614	241
2615	272
2616	248
2617	226
2618	264
2619	241
2620	228
2621	274
2622	236
2623	246
2624	238
2625	246
2626	275
2627	236
2628	246
2629	255
2630	242
2631	250
2632	236
2633	236
2634	270
2635	236
2636	229
2637	246
2638	240
2639	255
2640	236
2641	260
2642	254
2643	263
2644	230
2645	296
2646	245
2647	276
2648	246
2649	267
2650	253
2651	243
2652	255
2653	253
2654	237
2655	243
2656	253
2657	271
2658	250
2659	290
2660	253
2661	226
2662	238
2663	259
2664	225
2665	274
2666	226
2667	224
2668	233
2669	267
2670	228
2671	254
2672	246
2673	242
2674	254
2675	253
2676	234
2677	227
2678	246
2679	248
2680	233
2681	251
2682	226
2683	218
2684	232
2685	242
2686	256
2687	233
2688	240
2689	220
2690	245
2691	227
2692	216
2693	263
2694	274
2695	245
2696	240
2697	256
2698	253
2699	226
2700	254
2701	258
2702	233
2703	232
2704	259
2705	243
2706	248
2707	233
2708	214
2709	225
2710	248
2711	231
2712	275
2713	250
2714	214
2715	222
2716	271
2717	271
2718	229
2719	281
2720	259
2721	259
2722	207
2723	220
2724	254
2725	244
2726	261
2727	252
2728	245
2729	225
2730	254
2731	229
2732	249
2733	238
2734	209
2735	249
2736	251
2737	218
2738	230
2739	261
2740	244
2741	214
2742	233
2743	240
2744	229
2745	217
2746	234
2747	242
2748	241
2749	240
2750	227
2751	283
2752	219
2753	182
2754	236
2755	231
2756	247
2757	207
2758	225
2759	250
2760	204
2761	247
2762	215
2763	224
2764	207
2765	257
2766	213
2767	235
2768	212
2769	211
2770	216
2771	238
2772	227
2773	233
2774	217
2775	225
2776	238
2777	241
2778	206
2779	220
2780	221
2781	232
2782	207
2783	224
2784	213
2785	215
2786	234
2787	200
2788	228
2789	229
2790	238
2791	199
2792	207
2793	222
2794	226
2795	214
2796	196
2797	213
2798	223
2799	245
2800	208
2801	230
2802	218
2803	230
2804	227
2805	213
2806	226
2807	213
2808	199
2809	226
2810	211
2811	229
2812	220
2813	204
2814	226
2815	262
2816	208
2817	232
2818	239
2819	194
2820	220
2821	214
2822	218
2823	230
2824	194
2825	215
2826	215
2827	218
2828	206
2829	202
2830	226
2831	216
2832	199
2833	198
2834	232
2835	211
2836	229
2837	213
2838	222
2839	245
2840	208
2841	213
2842	198
2843	197
2844	199
2845	205
2846	197
2847	193
2848	202
2849	207
2850	204
2851	233
2852	227
2853	202
2854	225
2855	201
2856	224
2857	202
2858	215
2859	194
2860	206
2861	204
2862	201
2863	205
2864	201
2865	201
2866	203
2867	209
2868	212
2869	217
2870	214
2871	194
2872	207
2873	202
2874	191
2875	188
2876	189
2877	198
2878	192
2879	199
2880	187
2881	186
2882	185
2883	218
2884	215
2885	219
2886	193
2887	211
2888	203
2889	201
2890	204
2891	191
2892	170
2893	207
2894	186
2895	191
2896	199
2897	201
2898	197
2899	203
2900	163
2901	215
2902	200
2903	208
2904	186
2905	198
2906	206
2907	215
2908	181
2909	209
2910	196
2911	199
2912	199
2913	209
2914	197
2915	186
2916	205
2917	186
2918	185
2919	208
2920	174
2921	195
2922	176
2923	196
2924	191
2925	212
2926	200
2927	171
2928	191
2929	189
2930	189
2931	173
2932	188
2933	195
2934	180
2935	170
2936	186
2937	197
2938	215
2939	196
2940	190
2941	189
2942	177
2943	201
2944	180
2945	206
2946	212
2947	199
2948	215
2949	195
2950	187
2951	195
2952	191
2953	178
2954	208
2955	174
2956	198
2957	194
2958	196
2959	190
2960	179
2961	181
2962	187
2963	195
2964	175
2965	186
2966	168
2967	161
2968	182
2969	190
2970	145
2971	202
2972	168
2973	180
2974	165
2975	180
2976	171
2977	172
2978	192
2979	166
2980	164
2981	177
2982	181
2983	187
2984	196
2985	181
2986	203
2987	160
2988	189
2989	157
2990	178
2991	194
2992	172
2993	153
2994	162
2995	187
2996	172
2997	171
2998	177
2999	169
3000	173
3001	165
3002	175
3003	161
3004	142
3005	194
3006	179
3007	163
3008	148
3009	171
3010	161
3011	177
3012	167
3013	147
3014	164
3015	161
3016	159
3017	162
3018	180
3019	141
3020	164
3021	175
3022	159
3023	176
3024	174
3025	169
3026	159
3027	168
3028	170
3029	167
3030	161
3031	170
3032	166
3033	188
3034	174
3035	142
3036	166
3037	170
3038	164
3039	145
3040	179
3041	139
3042	145
3043	160
3044	156
3045	130
3046	165
3047	146
3048	149
3049	172
3050	158
3051	164
3052	156
3053	173
3054	157
3055	148
3056	155
3057	156
3058	161
3059	161
3060	130
3061	150
3062	149
3063	175
3064	168
3065	146
3066	146
3067	169
3068	164
3069	163
3070	160
3071	176
3072	147
3073	166
3074	169
3075	154
3076	171
3077	134
3078	149
3079	154
3080	161
3081	132
3082	147
3083	157
3084	143
3085	161
3086	170
3087	138
3088	133
3089	171
3090	147
3091	144
3092	141
3093	156
3094	119
3095	136
3096	134
3097	144
3098	142
3099	149
3100	168
3101	150
3102	171
3103	162
3104	149
3105	168
3106	134
3107	156
3108	147
3109	120
3110	138
3111	141
3112	117
3113	126
3114	128
3115	145
3116	154
3117	153
3118	145
3119	140
3120	137
3121	159
3122	151
3123	145
3124	126
3125	137
3126	130
3127	156
3128	142
3129	167
3130	135
3131	149
3132	136
3133	179
3134	154
3135	148
3136	145
3137	124
3138	143
3139	135
3140	148
3141	133
3142	153
3143	132
3144	141
3145	141
3146	123
3147	143
3148	148
3149	132
3150	142
3151	134
3152	122
3153	145
3154	138
3155	146
3156	146
3157	139
3158	136
3159	142
3160	123
3161	136
3162	114
3163	138
3164	157
3165	124
3166	135
3167	118
3168	143
3169	160
3170	123
3171	126
3172	149
3173	142
3174	123
3175	140
3176	138
3177	146
3178	128
3179	134
3180	134
3181	135
3182	128
3183	146
3184	127
3185	128
3186	138
3187	129
3188	133
3189	132
3190	129
3191	130
3192	111
3193	145
3194	138
3195	114
3196	125
3197	137
3198	120
3199	119
3200	127
3201	130
3202	141
3203	140
3204	128
3205	146
3206	114
3207	128
3208	125
3209	143
3210	126
3211	124
3212	139
3213	105
3214	128
3215	134
3216	127
3217	125
3218	131
3219	130
3220	126
3221	146
3222	130
3223	130
3224	148
3225	123
3226	125
3227	126
3228	133
3229	131
3230	124
3231	117
3232	114
3233	121
3234	130
3235	124
3236	128
3237	128
3238	120
3239	126
3240	121
3241	149
3242	122
3243	121
3244	130
3245	123
3246	125
3247	128
3248	129
3249	110
3250	111
3251	129
3252	126
3253	130
3254	134
3255	106
3256	118
3257	134
3258	116
3259	117
3260	114
3261	115
3262	113
3263	123
3264	124
3265	127
3266	132
3267	135
3268	131
3269	119
3270	131
3271	143
3272	120
3273	143
3274	109
3275	128
3276	129
3277	139
3278	120
3279	101
3280	142
3281	115
3282	123
3283	137
3284	126
3285	114
3286	98
3287	110
3288	130
3289	112
3290	126
3291	104
3292	132
3293	113
3294	134
3295	114
3296	132
3297	116
3298	121
3299	110
3300	107
3301	126
3302	108
3303	140
3304	115
3305	105
3306	116
3307	127
3308	101
3309	124
3310	127
3311	121
3312	109
3313	125
3314	113
3315	110
3316	108
3317	91
3318	117
3319	120
3320	118
3321	130
3322	114
3323	121
3324	101
3325	110
3326	112
3327	124
3328	122
3329	114
3330	105
3331	109
3332	135
3333	105
3334	124
3335	139
3336	119
3337	125
3338	116
3339	123
3340	121
3341	101
3342	118
3343	119
3344	123
3345	119
3346	105
3347	120
3348	113
3349	122
3350	124
3351	108
3352	109
3353	102
3354	105
3355	126
3356	112
3357	100
3358	118
3359	105
3360	111
3361	112
3362	110
3363	111
3364	95
3365	106
3366	114
3367	120
3368	111
3369	92
3370	110
3371	116
3372	102
3373	120
3374	122
3375	123
3376	117
3377	123
3378	113
3379	114
3380	113
3381	116
3382	106
3383	111
3384	101
3385	103
3386	109
3387	106
3388	99
3389	112
3390	117
3391	116
3392	115
3393	120
3394	91
3395	111
3396	123
3397	126
3398	117
3399	105
3400	123
3401	113
3402	98
3403	111
3404	107
3405	115
3406	88
3407	103
3408	107
3409	113
3410	112
3411	101
3412	98
3413	109
3414	97
3415	116
3416	97
3417	102
3418	107
3419	100
3420	104
3421	105
3422	93
3423	108
3424	102
3425	93
3426	103
3427	111
3428	93
3429	122
3430	94
3431	107
3432	109
3433	107
3434	105
3435	101
3436	107
3437	109
3438	120
3439	110
3440	125
3441	93
3442	111
3443	98
3444	120
3445	113
3446	112
3447	109
3448	116
3449	108
3450	102
3451	116
3452	89
3453	108
3454	112
3455	115
3456	104
3457	93
3458	114
3459	107
3460	105
3461	117
3462	109
3463	97
3464	103
3465	89
3466	89
3467	93
3468	119
3469	101
3470	114
3471	99
3472	98
3473	107
3474	96
3475	126
3476	105
3477	109
3478	113
3479	106
3480	107
3481	100
3482	115
3483	106
3484	109
3485	107
3486	94
3487	105
3488	106
3489	96
3490	95
3491	101
3492	112
3493	80
3494	109
3495	81
3496	95
3497	108
3498	76
3499	103
3500	108
3501	80
3502	110
3503	105
3504	106
3505	83
3506	114
3507	95
3508	94
3509	105
3510	105
3511	118
3512	104
3513	75
3514	94
3515	111
3516	91
3517	100
3518	97
3519	100
3520	99
3521	95
3522	108
3523	93
3524	105
3525	97
3526	114
3527	89
3528	101
3529	102
3530	121
3531	88
3532	117
3533	105
3534	92
3535	102
3536	86
3537	97
3538	131
3539	75
3540	116
3541	100
3542	104
3543	95
3544	95
3545	110
3546	97
3547	106
3548	104
3549	90
3550	118
3551	90
3552	92
3553	103
3554	103
3555	84
3556	102
3557	92
3558	107
3559	122
3560	95
3561	85
3562	115
3563	101
3564	100
3565	92
3566	103
3567	112
3568	107
3569	87
3570	87
3571	96
3572	104
3573	88
3574	102
3575	111
3576	99
3577	94
3578	84
3579	101
3580	111
3581	94
3582	91
3583	77
3584	99
3585	97
3586	90
3587	80
3588	100
3589	103
3590	98
3591	103
3592	109
3593	78
3594	99
3595	87
3596	81
3597	96
3598	95
3599	95
3600	102
3601	85
3602	77
3603	109
3604	102
3605	90
3606	102
3607	110
3608	96
3609	102
3610	98
3611	88
3612	107
3613	105
3614	89
3615	86
3616	91
3617	97
3618	100
3619	78
3620	82
3621	95
3622	80
3623	89
3624	94
3625	105
3626	85
3627	92
3628	101
3629	104
3630	98
3631	103
3632	97
3633	96
3634	93
3635	92
3636	96
3637	100
3638	90
3639	88
3640	98
3641	86
3642	97
3643	112
3644	101
3645	89
3646	87
3647	95
3648	84
3649	86
3650	91
3651	79
3652	104
3653	80
3654	87
3655	103
3656	90
3657	85
3658	96
3659	99
3660	97
3661	90
3662	105
3663	83
3664	94
3665	94
3666	102
3667	110
3668	101
3669	100
3670	87
3671	80
3672	86
3673	91
3674	92
3675	91
3676	104
3677	87
3678	86
3679	90
3680	93
3681	75
3682	110
3683	76
3684	90
3685	92
3686	103
3687	101
3688	89
3689	97
3690	84
3691	106
3692	97
3693	80
3694	93
3695	102
3696	80
3697	80
3698	83
3699	83
3700	93
3701	89
3702	95
3703	92
3704	76
3705	96
3706	83
3707	84
3708	96
3709	75
3710	91
3711	104
3712	77
3713	97
3714	88
3715	95
3716	84
3717	85
3718	85
3719	96
3720	83
3721	85
3722	86
3723	95
3724	97
3725	66
3726	93
3727	87
3728	94
3729	78
3730	83
3731	82
3732	91
3733	83
3734	72
3735	89
3736	83
3737	75
3738	98
3739	99
3740	85
3741	87
3742	90
3743	93
3744	91
3745	88
3746	77
3747	77
3748	86
3749	102
3750	100
3751	81
3752	93
3753	104
3754	86
3755	73
3756	84
3757	74
3758	96
3759	79
3760	84
3761	97
3762	88
3763	84
3764	79
3765	81
3766	97
3767	91
3768	99
3769	78
3770	90
3771	77
3772	97
3773	84
3774	79
3775	74
3776	79
3777	63
3778	66
3779	98
3780	89
3781	84
3782	92
3783	95
3784	83
3785	87
3786	67
3787	88
3788	88
3789	93
3790	76
3791	80
3792	92
3793	90
3794	80
3795	83
3796	106
3797	86
3798	78
3799	87
3800	80
3801	83
3802	79
3803	81
3804	79
3805	87
3806	59
3807	84
3808	91
3809	69
3810	83
3811	89
3812	88
3813	67
3814	81
3815	87
3816	76
3817	98
3818	76
3819	69
3820	80
3821	84
3822	70
3823	95
3824	77
3825	83
3826	75
3827	117
3828	97
3829	94
3830	95
3831	86
3832	49
3833	95
3834	77
3835	78
3836	78
3837	82
3838	93
3839	82
3840	76
3841	87
3842	67
3843	69
3844	72
3845	76
3846	81
3847	76
3848	86
3849	91
3850	74
3851	79
3852	89
3853	95
3854	80
3855	74
3856	82
3857	99
3858	89
3859	75
3860	84
3861	71
3862	84
3863	74
3864	77
3865	81
3866	100
3867	81
3868	65
3869	84
3870	72
3871	73
3872	66
3873	76
3874	93
3875	91
3876	72
3877	68
3878	92
3879	102
3880	81
3881	82
3882	65
3883	92
3884	70
3885	75
3886	74
3887	79
3888	94
3889	81
3890	74
3891	75
3892	87
3893	56
3894	88
3895	90
3896	69
3897	81
3898	92
3899	83
3900	79
3901	54
3902	81
3903	82
3904	88
3905	75
3906	86
3907	70
3908	73
3909	60
3910	74
3911	75
3912	84
3913	85
3914	85
3915	75
3916	84
3917	66
3918	74
3919	73
3920	60
3921	86
3922	74
3923	94
3924	63
3925	77
3926	80
3927	75
3928	80
3929	61
3930	87
3931	74
3932	87
3933	71
3934	85
3935	80
3936	91
3937	75
3938	79
3939	72
3940	83
3941	69
3942	69
3943	82
3944	64
3945	85
3946	72
3947	80
3948	58
3949	85
3950	69
3951	64
3952	88
3953	88
3954	81
3955	58
3956	71
3957	80
3958	74
3959	77
3960	75
3961	83
3962	83
3963	72
3964	78
3965	82
3966	70
3967	68
3968	85
3969	74
3970	68
3971	77
3972	61
3973	79
3974	87
3975	86
3976	81
3977	84
3978	63
3979	79
3980	71
3981	75
3982	73
3983	67
3984	58
3985	74
3986	62
3987	69
3988	74
3989	53
3990	69
3991	71
3992	82
3993	61
3994	64
3995	81
3996	76
3997	70
3998	70
3999	73
4000	72
4001	67
4002	69
4003	54
4004	79
4005	61
4006	84
4007	69
4008	74
4009	78
4010	63
4011	70
4012	75
4013	73
4014	68
4015	75
4016	82
4017	65
4018	70
4019	72
4020	84
4021	74
4022	85
4023	83
4024	73
4025	79
4026	78
4027	52
4028	81
4029	70
4030	71
4031	74
4032	79
4033	74
4034	76
4035	75
4036	76
4037	72
4038	83
4039	77
4040	78
4041	80
4042	87
4043	64
4044	58
4045	74
4046	73
4047	63
4048	71
4049	70
4050	74
4051	69
4052	89
4053	69
4054	65
4055	75
4056	59
4057	74
4058	77
4059	77
4060	69
4061	77
4062	70
4063	73
4064	83
4065	78
4066	66
4067	64
4068	71
4069	74
4070	60
4071	74
4072	69
4073	65
4074	86
4075	78
4076	76
4077	75
4078	66
4079	60
4080	60
4081	70
4082	85
4083	61
4084	74
4085	76
4086	85
4087	65
4088	66
4089	77
4090	74
4091	64
4092	64
4093	62
4094	54
4095	60
4096	86
4097	73
4098	88
4099	69
4100	63
4101	72
4102	59
4103	66
4104	89
4105	79
4106	87
4107	66
4108	79
4109	64
4110	55
4111	61
4112	66
4113	71
4114	79
4115	73
4116	60
4117	57
4118	64
4119	61
4120	62
4121	85
4122	74
4123	67
4124	69
4125	58
4126	56
4127	67
4128	63
4129	70
4130	62
4131	66
4132	72
4133	58
4134	64
4135	57
4136	67
4137	69
4138	69
4139	71
4140	70
4141	73
4142	69
4143	58
4144	67
4145	51
4146	70
4147	58
4148	58
4149	52
4150	59
4151	75
4152	54
4153	74
4154	66
4155	69
4156	65
4157	64
4158	61
4159	67
4160	72
4161	65
4162	70
4163	69
4164	68
4165	59
4166	70
4167	54
4168	50
4169	66
4170	69
4171	73
4172	72
4173	55
4174	65
4175	57
4176	66
4177	53
4178	62
4179	61
4180	59
4181	61
4182	71
4183	53
4184	68
4185	65
4186	61
4187	66
4188	56
4189	68
4190	58
4191	62
4192	84
4193	59
4194	65
4195	77
4196	61
4197	51
4198	72
4199	63
4200	66
4201	58
4202	63
4203	55
4204	63
4205	72
4206	61
4207	66
4208	73
4209	53
4210	70
4211	80
4212	67
4213	60
4214	59
4215	60
4216	51
4217	57
4218	58
4219	57
4220	69
4221	48
4222	70
4223	62
4224	72
4225	65
4226	63
4227	65
4228	64
4229	64
4230	62
4231	60
4232	61
4233	57
4234	57
4235	82
4236	72
4237	61
4238	65
4239	66
4240	57
4241	62
4242	76
4243	63
4244	63
4245	65
4246	61
4247	58
4248	62
4249	57
4250	49
4251	68
4252	65
4253	59
4254	67
4255	56
4256	73
4257	73
4258	61
4259	72
4260	65
4261	71
4262	63
4263	68
4264	49
4265	67
4266	61
4267	65
4268	71
4269	69
4270	70
4271	59
4272	64
4273	56
4274	65
4275	62
4276	56
4277	66
4278	53
4279	77
4280	64
4281	59
4282	60
4283	63
4284	61
4285	72
4286	67
4287	74
4288	45
4289	75
4290	62
4291	63
4292	58
4293	56
4294	58
4295	62
4296	61
4297	66
4298	52
4299	57
4300	57
4301	62
4302	71
4303	68
4304	69
4305	61
4306	49
4307	58
4308	65
4309	52
4310	69
4311	56
4312	74
4313	51
4314	48
4315	62
4316	70
4317	61
4318	70
4319	56
4320	70
4321	60
4322	56
4323	60
4324	66
4325	50
4326	61
4327	55
4328	52
4329	47
4330	68
4331	59
4332	60
4333	55
4334	43
4335	57
4336	65
4337	54
4338	64
4339	54
4340	71
4341	54
4342	77
4343	60
4344	66
4345	75
4346	55
4347	62
4348	60
4349	67
4350	66
4351	64
4352	43
4353	59
4354	74
4355	56
4356	77
4357	57
4358	67
4359	67
4360	45
4361	52
4362	44
4363	70
4364	64
4365	70
4366	56
4367	53
4368	59
4369	54
4370	66
4371	73
4372	59
4373	60
4374	75
4375	58
4376	48
4377	65
4378	74
4379	75
4380	63
4381	57
4382	72
4383	56
4384	51
4385	56
4386	66
4387	64
4388	71
4389	70
4390	57
4391	43
4392	57
4393	65
4394	66
4395	51
4396	64
4397	51
4398	60
4399	38
4400	51
4401	76
4402	56
4403	59
4404	56
4405	56
4406	68
4407	64
4408	53
4409	43
4410	57
4411	57
4412	47
4413	65
4414	66
4415	63
4416	60
4417	65
4418	56
4419	74
4420	60
4421	67
4422	51
4423	53
4424	45
4425	57
4426	61
4427	66
4428	49
4429	64
4430	45
4431	62
4432	49
4433	62
4434	67
4435	56
4436	76
4437	52
4438	55
4439	48
4440	54
4441	61
4442	64
4443	53
4444	38
4445	66
4446	68
4447	60
4448	54
4449	50
4450	57
4451	64
4452	56
4453	47
4454	67
4455	63
4456	61
4457	52
4458	46
4459	56
4460	46
4461	64
4462	64
4463	61
4464	50
4465	58
4466	56
4467	47
4468	65
4469	52
4470	52
4471	46
4472	62
4473	64
4474	47
4475	71
4476	54
4477	64
4478	65
4479	52
4480	65
4481	50
4482	38
4483	52
4484	56
4485	54
4486	51
4487	55
4488	51
4489	47
4490	59
4491	68
4492	39
4493	50
4494	66
4495	59
4496	65
4497	56
4498	53
4499	58
4500	56
4501	57
4502	62
4503	48
4504	54
4505	65
4506	61
4507	48
4508	60
4509	53
4510	65
4511	59
4512	55
4513	50
4514	45
4515	57
4516	58
4517	59
4518	60
4519	61
4520	49
4521	46
4522	59
4523	59
4524	54
4525	64
4526	59
4527	60
4528	54
4529	59
4530	42
4531	46
4532	66
4533	45
4534	47
4535	52
4536	54
4537	49
4538	51
4539	44
4540	56
4541	51
4542	44
4543	49
4544	55
4545	43
4546	59
4547	59
4548	64
4549	55
4550	50
4551	61
4552	62
4553	59
4554	44
4555	50
4556	53
4557	45
4558	57
4559	47
4560	53
4561	49
4562	59
4563	42
4564	60
4565	44
4566	45
4567	49
4568	61
4569	46
4570	63
4571	71
4572	61
4573	55
4574	51
4575	56
4576	40
4577	49
4578	48
4579	45
4580	65
4581	58
4582	49
4583	48
4584	53
4585	56
4586	50
4587	50
4588	56
4589	51
4590	50
4591	42
4592	38
4593	62
4594	57
4595	56
4596	59
4597	50
4598	58
4599	62
4600	64
4601	43
4602	57
4603	67
4604	50
4605	65
4606	62
4607	57
4608	59
4609	50
4610	53
4611	50
4612	62
4613	45
4614	52
4615	44
4616	40
4617	56
4618	48
4619	32
4620	44
4621	51
4622	42
4623	53
4624	39
4625	49
4626	47
4627	58
4628	49
4629	52
4630	52
4631	51
4632	43
4633	47
4634	36
4635	45
4636	58
4637	55
4638	54
4639	54
4640	48
4641	53
4642	51
4643	44
4644	50
4645	54
4646	51
4647	54
4648	52
4649	48
4650	43
4651	49
4652	58
4653	51
4654	49
4655	54
4656	53
4657	57
4658	58
4659	61
4660	42
4661	54
4662	46
4663	48
4664	37
4665	52
4666	47
4667	49
4668	46
4669	53
4670	45
4671	60
4672	55
4673	52
4674	60
4675	45
4676	57
4677	40
4678	47
4679	57
4680	39
4681	44
4682	46
4683	47
4684	51
4685	49
4686	57
4687	48
4688	52
4689	41
4690	38
4691	28
4692	42
4693	46
4694	43
4695	44
4696	42
4697	58
4698	35
4699	36
4700	48
4701	43
4702	41
4703	50
4704	52
4705	49
4706	43
4707	41
4708	45
4709	41
4710	43
4711	54
4712	42
4713	44
4714	48
4715	45
4716	48
4717	52
4718	47
4719	43
4720	54
4721	48
4722	45
4723	64
4724	54
4725	49
4726	51
4727	44
4728	49
4729	48
4730	56
4731	46
4732	45
4733	52
4734	57
4735	56
4736	36
4737	53
4738	63
4739	58
4740	45
4741	40
4742	41
4743	55
4744	50
4745	46
4746	48
4747	45
4748	44
4749	48
4750	44
4751	56
4752	42
4753	43
4754	46
4755	48
4756	48
4757	47
4758	47
4759	42
4760	56
4761	47
4762	39
4763	44
4764	39
4765	40
4766	43
4767	48
4768	47
4769	49
4770	42
4771	60
4772	42
4773	52
4774	40
4775	43
4776	47
4777	46
4778	52
4779	51
4780	51
4781	45
4782	37
4783	44
4784	40
4785	45
4786	48
4787	43
4788	52
4789	48
4790	40
4791	51
4792	47
4793	50
4794	38
4795	41
4796	40
4797	47
4798	53
4799	46
4800	51
4801	45
4802	53
4803	46
4804	40
4805	51
4806	46
4807	39
4808	39
4809	37
4810	49
4811	46
4812	36
4813	70
4814	47
4815	44
4816	39
4817	50
4818	31
4819	50
4820	42
4821	51
4822	42
4823	59
4824	61
4825	39
4826	45
4827	43
4828	43
4829	56
4830	45
4831	46
4832	50
4833	56
4834	46
4835	52
4836	42
4837	36
4838	53
4839	46
4840	48
4841	40
4842	48
4843	32
4844	57
4845	53
4846	28
4847	52
4848	59
4849	49
4850	41
4851	43
4852	39
4853	51
4854	43
4855	37
4856	50
4857	47
4858	46
4859	38
4860	45
4861	42
4862	42
4863	54
4864	39
4865	49
4866	46
4867	48
4868	46
4869	51
4870	48
4871	59
4872	38
4873	57
4874	44
4875	31
4876	45
4877	46
4878	51
4879	33
4880	51
4881	37
4882	39
4883	40
4884	43
4885	52
4886	35
4887	36
4888	29
4889	44
4890	40
4891	44
4892	55
4893	51
4894	48
4895	58
4896	49
4897	34
4898	47
4899	41
4900	36
4901	33
4902	53
4903	45
4904	44
4905	38
4906	62
4907	39
4908	45
4909	57
4910	37
4911	52
4912	32
4913	39
4914	44
4915	45
4916	44
4917	40
4918	41
4919	47
4920	42
4921	52
4922	41
4923	36
4924	47
4925	42
4926	49
4927	29
4928	35
4929	43
4930	35
4931	40
4932	42
4933	43
4934	49
4935	36
4936	38
4937	47
4938	39
4939	47
4940	42
4941	45
4942	41
4943	36
4944	47
4945	38
4946	41
4947	48
4948	47
4949	36
4950	46
4951	38
4952	38
4953	46
4954	33
4955	39
4956	53
4957	49
4958	49
4959	39
4960	42
4961	35
4962	36
4963	55
4964	41
4965	49
4966	44
4967	51
4968	45
4969	46
4970	27
4971	38
4972	40
4973	41
4974	50
4975	46
4976	34
4977	36
4978	45
4979	51
4980	50
4981	38
4982	35
4983	56
4984	39
4985	44
4986	48
4987	38
4988	35
4989	42
4990	44
4991	38
4992	33
4993	55
4994	40
4995	49
4996	40
4997	51
4998	44
4999	54
5000	35
5001	45
5002	41
5003	36
5004	40
5005	45
5006	43
5007	39
5008	35
5009	37
5010	33
5011	41
5012	38
5013	37
5014	53
5015	39
5016	42
5017	39
5018	35
5019	40
5020	49
5021	50
5022	47
5023	33
5024	41
5025	52
5026	40
5027	40
5028	50
5029	32
5030	35
5031	46
5032	36
5033	40
5034	41
5035	40
5036	46
5037	34
5038	34
5039	41
5040	48
5041	39
5042	41
5043	37
5044	46
5045	44
5046	40
5047	44
5048	42
5049	42
5050	33
5051	32
5052	42
5053	40
5054	49
5055	35
5056	37
5057	31
5058	37
5059	29
5060	42
5061	42
5062	39
5063	36
5064	47
5065	44
5066	48
5067	39
5068	46
5069	42
5070	36
5071	38
5072	40
5073	43
5074	36
5075	43
5076	45
5077	40
5078	36
5079	36
5080	36
5081	40
5082	40
5083	37
5084	39
5085	45
5086	33
5087	30
5088	32
5089	34
5090	38
5091	36
5092	39
5093	37
5094	49
5095	34
5096	42
5097	44
5098	36
5099	43
5100	38
5101	37
5102	39
5103	38
5104	33
5105	42
5106	41
5107	36
5108	37
5109	43
5110	40
5111	37
5112	47
5113	39
5114	42
5115	38
5116	40
5117	30
5118	43
5119	36
5120	46
5121	36
5122	47
5123	42
5124	37
5125	37
5126	41
5127	46
5128	46
5129	34
5130	35
5131	43
5132	35
5133	46
5134	38
5135	50
5136	30
5137	45
5138	40
5139	34
5140	42
5141	40
5142	39
5143	42
5144	33
5145	33
5146	43
5147	44
5148	42
5149	45
5150	39
5151	34
5152	34
5153	38
5154	39
5155	37
5156	47
5157	43
5158	33
5159	38
5160	34
5161	47
5162	38
5163	35
5164	38
5165	31
5166	25
5167	29
5168	37
5169	47
5170	31
5171	35
5172	41
5173	32
5174	40
5175	32
5176	42
5177	48
5178	30
5179	35
5180	40
5181	35
5182	36
5183	41
5184	38
5185	46
5186	41
5187	34
5188	44
5189	38
5190	31
5191	38
5192	34
5193	41
5194	31
5195	32
5196	44
5197	27
5198	40
5199	41
5200	37
5201	40
5202	34
5203	48
5204	37
5205	34
5206	46
5207	35
5208	39
5209	20
5210	37
5211	46
5212	43
5213	37
5214	34
5215	41
5216	41
5217	42
5218	29
5219	42
5220	37
5221	30
5222	41
5223	40
5224	32
5225	35
5226	37
5227	31
5228	33
5229	43
5230	31
5231	24
5232	41
5233	39
5234	45
5235	29
5236	35
5237	37
5238	36
5239	36
5240	48
5241	36
5242	40
5243	29
5244	38
5245	47
5246	34
5247	38
5248	45
5249	35
5250	43
5251	43
5252	24
5253	31
5254	39
5255	34
5256	41
5257	38
5258	40
5259	51
5260	33
5261	30
5262	37
5263	45
5264	32
5265	32
5266	39
5267	33
5268	35
5269	46
5270	31
5271	33
5272	45
5273	38
5274	24
5275	35
5276	40
5277	46
5278	27
5279	41
5280	49
5281	29
5282	33
5283	34
5284	31
5285	35
5286	32
5287	25
5288	33
5289	42
5290	32
5291	40
5292	32
5293	36
5294	30
5295	39
5296	29
5297	35
5298	24
5299	47
5300	48
5301	38
5302	41
5303	44
5304	32
5305	42
5306	32
5307	24
5308	35
5309	30
5310	38
5311	44
5312	37
5313	36
5314	39
5315	28
5316	40
5317	36
5318	46
5319	33
5320	35
5321	35
5322	38
5323	24
5324	40
5325	31
5326	45
5327	36
5328	41
5329	33
5330	30
5331	35
5332	33
5333	39
5334	31
5335	32
5336	31
5337	34
5338	35
5339	28
5340	34
5341	35
5342	34
5343	28
5344	39
5345	36
5346	33
5347	42
5348	37
5349	39
5350	27
5351	28
5352	34
5353	37
5354	35
5355	28
5356	36
5357	38
5358	32
5359	38
5360	37
5361	32
5362	38
5363	28
5364	32
5365	46
5366	29
5367	40
5368	39
5369	32
5370	34
5371	29
5372	37
5373	34
5374	36
5375	39
5376	28
5377	35
5378	35
5379	32
5380	48
5381	30
5382	26
5383	42
5384	35
5385	32
5386	18
5387	32
5388	35
5389	36
5390	33
5391	30
5392	34
5393	31
5394	43
5395	38
5396	37
5397	33
5398	23
5399	33
5400	35
5401	29
5402	39
5403	34
5404	36
5405	34
5406	39
5407	47
5408	28
5409	29
5410	36
5411	29
5412	41
5413	40
5414	30
5415	35
5416	32
5417	32
5418	39
5419	29
5420	35
5421	33
5422	40
5423	32
5424	33
5425	33
5426	31
5427	38
5428	40
5429	31
5430	44
5431	37
5432	27
5433	28
5434	37
5435	47
5436	30
5437	35
5438	38
5439	40
5440	24
5441	31
5442	38
5443	30
5444	36
5445	21
5446	25
5447	43
5448	28
5449	32
5450	34
5451	37
5452	32
5453	28
5454	32
5455	31
5456	34
5457	31
5458	40
5459	36
5460	28
5461	46
5462	35
5463	32
5464	40
5465	30
5466	36
5467	33
5468	40
5469	36
5470	36
5471	31
5472	35
5473	37
5474	40
5475	38
5476	28
5477	33
5478	39
5479	32
5480	44
5481	25
5482	45
5483	31
5484	37
5485	31
5486	33
5487	41
5488	31
5489	30
5490	32
5491	36
5492	28
5493	40
5494	38
5495	25
5496	26
5497	31
5498	45
5499	25
5500	41
5501	40
5502	38
5503	31
5504	33
5505	34
5506	34
5507	40
5508	40
5509	34
5510	33
5511	40
5512	34
5513	33
5514	35
5515	53
5516	32
5517	29
5518	38
5519	23
5520	32
5521	35
5522	40
5523	43
5524	36
5525	32
5526	24
5527	35
5528	37
5529	34
5530	36
5531	18
5532	35
5533	30
5534	28
5535	40
5536	28
5537	38
5538	35
5539	23
5540	41
5541	34
5542	36
5543	29
5544	30
5545	33
5546	33
5547	27
5548	31
5549	34
5550	34
5551	31
5552	30
5553	32
5554	31
5555	32
5556	38
5557	28
5558	40
5559	37
5560	26
5561	32
5562	33
5563	35
5564	29
5565	36
5566	42
5567	31
5568	32
5569	35
5570	39
5571	30
5572	25
5573	36
5574	32
5575	32
5576	25
5577	30
5578	27
5579	36
5580	26
5581	31
5582	29
5583	30
5584	28
5585	41
5586	31
5587	27
5588	39
5589	28
5590	32
5591	39
5592	36
5593	28
5594	32
5595	26
5596	26
5597	21
5598	28
5599	30
5600	24
5601	39
5602	35
5603	25
5604	36
5605	27
5606	38
5607	38
5608	34
5609	28
5610	41
5611	26
5612	25
5613	39
5614	37
5615	30
5616	31
5617	45
5618	34
5619	23
5620	30
5621	31
5622	36
5623	22
5624	39
5625	24
5626	22
5627	25
5628	34
5629	18
5630	35
5631	28
5632	28
5633	28
5634	35
5635	37
5636	33
5637	37
5638	31
5639	28
5640	29
5641	33
5642	30
5643	27
5644	38
5645	28
5646	33
5647	28
5648	36
5649	33
5650	25
5651	27
5652	26
5653	32
5654	25
5655	32
5656	28
5657	31
5658	33
5659	28
5660	33
5661	33
5662	41
5663	30
5664	24
5665	31
5666	33
5667	38
5668	43
5669	28
5670	25
5671	25
5672	33
5673	30
5674	30
5675	22
5676	27
5677	25
5678	33
5679	26
5680	24
5681	29
5682	25
5683	27
5684	25
5685	29
5686	27
5687	26
5688	39
5689	33
5690	35
5691	36
5692	32
5693	21
5694	21
5695	27
5696	39
5697	34
5698	26
5699	32
5700	29
5701	28
5702	39
5703	32
5704	34
5705	35
5706	32
5707	29
5708	21
5709	20
5710	31
5711	21
5712	35
5713	33
5714	27
5715	34
5716	33
5717	21
5718	39
5719	27
5720	30
5721	23
5722	29
5723	35
5724	32
5725	25
5726	29
5727	36
5728	31
5729	34
5730	24
5731	24
5732	34
5733	19
5734	28
5735	34
5736	45
5737	31
5738	29
5739	22
5740	25
5741	26
5742	26
5743	33
5744	35
5745	35
5746	15
5747	34
5748	29
5749	23
5750	31
5751	32
5752	28
5753	35
5754	25
5755	28
5756	29
5757	25
5758	25
5759	36
5760	29
5761	28
5762	28
5763	32
5764	19
5765	29
5766	31
5767	36
5768	26
5769	23
5770	20
5771	23
5772	41
5773	30
5774	24
5775	35
5776	43
5777	33
5778	32
5779	22
5780	33
5781	31
5782	24
5783	30
5784	47
5785	24
5786	25
5787	26
5788	37
5789	25
5790	27
5791	31
5792	32
5793	26
5794	29
5795	22
5796	26
5797	28
5798	25
5799	29
5800	24
5801	38
5802	30
5803	41
5804	33
5805	36
5806	27
5807	41
5808	27
5809	37
5810	23
5811	38
5812	23
5813	27
5814	33
5815	35
5816	33
5817	22
5818	25
5819	24
5820	30
5821	29
5822	29
5823	33
5824	31
5825	30
5826	32
5827	26
5828	35
5829	28
5830	24
5831	33
5832	30
5833	34
5834	33
5835	35
5836	29
5837	33
5838	31
5839	28
5840	23
5841	21
5842	20
5843	22
5844	27
5845	29
5846	32
5847	32
5848	30
5849	25
5850	23
5851	36
5852	31
5853	30
5854	26
5855	33
5856	29
5857	30
5858	28
5859	32
5860	25
5861	29
5862	29
5863	26
5864	33
5865	31
5866	34
5867	32
5868	27
5869	30
5870	30
5871	28
5872	23
5873	27
5874	30
5875	33
5876	33
5877	29
5878	28
5879	31
5880	27
5881	34
5882	34
5883	25
5884	34
5885	17
5886	40
5887	20
5888	17
5889	29
5890	31
5891	34
5892	16
5893	15
5894	34
5895	21
5896	28
5897	27
5898	27
5899	26
5900	31
5901	25
5902	29
5903	24
5904	36
5905	26
5906	33
5907	26
5908	35
5909	20
5910	27
5911	34
5912	23
5913	24
5914	19
5915	26
5916	22
5917	31
5918	24
5919	30
5920	26
5921	24
5922	19
5923	32
5924	27
5925	19
5926	27
5927	24
5928	30
5929	21
5930	30
5931	19
5932	34
5933	33
5934	28
5935	29
5936	27
5937	25
5938	17
5939	21
5940	21
5941	18
5942	34
5943	26
5944	30
5945	28
5946	29
5947	23
5948	24
5949	28
5950	26
5951	32
5952	21
5953	29
5954	27
5955	21
5956	26
5957	28
5958	23
5959	27
5960	38
5961	33
5962	23
5963	23
5964	28
5965	28
5966	26
5967	23
5968	39
5969	20
5970	20
5971	30
5972	41
5973	25
5974	31
5975	21
5976	28
5977	21
5978	21
5979	24
5980	21
5981	15
5982	28
5983	25
5984	19
5985	23
5986	40
5987	25
5988	21
5989	22
5990	29
5991	22
5992	27
5993	19
5994	31
5995	24
5996	31
5997	25
5998	28
5999	23
6000	23
6001	32
6002	32
6003	34
6004	23
6005	37
6006	18
6007	27
6008	21
6009	25
6010	25
6011	23
6012	24
6013	34
6014	27
6015	32
6016	31
6017	21
6018	25
6019	28
6020	22
6021	23
6022	35
6023	34
6024	24
6025	33
6026	24
6027	25
6028	26
6029	24
6030	20
6031	25
6032	14
6033	31
6034	27
6035	34
6036	28
6037	28
6038	27
6039	20
6040	31
6041	26
6042	24
6043	32
6044	23
6045	27
6046	25
6047	42
6048	25
6049	21
6050	23
6051	24
6052	27
6053	31
6054	22
6055	28
6056	24
6057	26
6058	22
6059	33
6060	22
6061	22
6062	17
6063	26
6064	31
6065	25
6066	23
6067	23
6068	24
6069	26
6070	24
6071	44
6072	33
6073	34
6074	25
6075	21
6076	25
6077	27
6078	31
6079	28
6080	32
6081	26
6082	25
6083	27
6084	23
6085	30
6086	26
6087	19
6088	28
6089	25
6090	28
6091	25
6092	23
6093	30
6094	25
6095	30
6096	26
6097	20
6098	28
6099	24
6100	35
6101	24
6102	27
6103	26
6104	29
6105	28
6106	22
6107	25
6108	20
6109	25
6110	26
6111	25
6112	22
6113	22
6114	33
6115	24
6116	25
6117	27
6118	26
6119	21
6120	24
6121	24
6122	31
6123	24
6124	31
6125	24
6126	19
6127	34
6128	27
6129	22
6130	24
6131	25
6132	24
6133	23
6134	27
6135	24
6136	30
6137	28
6138	19
6139	19
6140	14
6141	21
6142	29
6143	21
6144	26
6145	27
6146	31
6147	23
6148	29
6149	25
6150	28
6151	35
6152	33
6153	24
6154	21
6155	17
6156	28
6157	22
6158	27
6159	30
6160	28
6161	27
6162	24
6163	26
6164	25
6165	27
6166	28
6167	20
6168	25
6169	22
6170	33
6171	25
6172	27
6173	26
6174	19
6175	22
6176	28
6177	20
6178	23
6179	29
6180	32
6181	33
6182	19
6183	26
6184	17
6185	24
6186	22
6187	28
6188	20
6189	19
6190	18
6191	25
6192	25
6193	22
6194	32
6195	28
6196	35
6197	37
6198	24
6199	24
6200	19
6201	20
6202	25
6203	19
6204	26
6205	33
6206	20
6207	20
6208	31
6209	32
6210	18
6211	21
6212	23
6213	26
6214	24
6215	23
6216	24
6217	26
6218	16
6219	33
6220	23
6221	19
6222	24
6223	26
6224	33
6225	24
6226	18
6227	31
6228	21
6229	20
6230	20
6231	25
6232	25
6233	31
6234	27
6235	18
6236	28
6237	23
6238	28
6239	28
6240	24
6241	21
6242	26
6243	26
6244	24
6245	24
6246	29
6247	30
6248	38
6249	28
6250	24
6251	20
6252	24
6253	25
6254	26
6255	19
6256	20
6257	33
6258	23
6259	28
6260	20
6261	25
6262	21
6263	26
6264	17
6265	32
6266	17
6267	16
6268	16
6269	21
6270	29
6271	27
6272	22
6273	24
6274	19
6275	29
6276	20
6277	27
6278	23
6279	26
6280	30
6281	26
6282	25
6283	27
6284	28
6285	22
6286	14
6287	28
6288	28
6289	20
6290	18
6291	27
6292	32
6293	22
6294	22
6295	29
6296	20
6297	21
6298	23
6299	27
6300	19
6301	28
6302	21
6303	20
6304	30
6305	30
6306	18
6307	30
6308	27
6309	20
6310	19
6311	13
6312	24
6313	19
6314	15
6315	19
6316	22
6317	24
6318	19
6319	19
6320	23
6321	19
6322	24
6323	20
6324	22
6325	22
6326	30
6327	21
6328	20
6329	18
6330	23
6331	23
6332	28
6333	21
6334	24
6335	24
6336	22
6337	12
6338	29
6339	20
6340	21
6341	29
6342	26
6343	30
6344	25
6345	26
6346	25
6347	20
6348	13
6349	24
6350	22
6351	23
6352	19
6353	12
6354	17
6355	23
6356	14
6357	22
6358	31
6359	18
6360	20
6361	22
6362	22
6363	19
6364	27
6365	19
6366	25
6367	19
6368	22
6369	26
6370	27
6371	28
6372	28
6373	21
6374	22
6375	12
6376	15
6377	22
6378	18
6379	18
6380	22
6381	24
6382	27
6383	21
6384	16
6385	28
6386	23
6387	28
6388	29
6389	29
6390	14
6391	24
6392	28
6393	19
6394	21
6395	27
6396	14
6397	30
6398	20
6399	16
6400	19
6401	24
6402	28
6403	22
6404	13
6405	23
6406	20
6407	32
6408	24
6409	18
6410	27
6411	23
6412	19
6413	24
6414	24
6415	19
6416	14
6417	20
6418	19
6419	23
6420	28
6421	20
6422	27
6423	23
6424	22
6425	19
6426	20
6427	22
6428	22
6429	19
6430	21
6431	19
6432	28
6433	18
6434	25
6435	19
6436	16
6437	21
6438	21
6439	20
6440	22
6441	20
6442	29
6443	25
6444	20
6445	22
6446	25
6447	35
6448	12
6449	23
6450	30
6451	17
6452	14
6453	28
6454	20
6455	20
6456	24
6457	26
6458	19
6459	19
6460	20
6461	24
6462	21
6463	16
6464	25
6465	17
6466	20
6467	13
6468	17
6469	20
6470	18
6471	17
6472	28
6473	24
6474	26
6475	26
6476	25
6477	17
6478	16
6479	21
6480	18
6481	34
6482	21
6483	18
6484	17
6485	19
6486	22
6487	24
6488	18
6489	23
6490	28
6491	19
6492	27
6493	18
6494	26
6495	18
6496	22
6497	23
6498	22
6499	27
6500	13
6501	17
6502	23
6503	25
6504	19
6505	21
6506	14
6507	24
6508	22
6509	20
6510	15
6511	23
6512	19
6513	19
6514	14
6515	26
6516	23
6517	21
6518	31
6519	23
6520	26
6521	18
6522	19
6523	25
6524	16
6525	24
6526	26
6527	21
6528	25
6529	16
6530	22
6531	32
6532	21
6533	15
6534	25
6535	22
6536	25
6537	25
6538	19
6539	21
6540	27
6541	16
6542	10
6543	20
6544	21
6545	21
6546	16
6547	23
6548	17
6549	20
6550	18
6551	24
6552	19
6553	28
6554	23
6555	14
6556	18
6557	23
6558	23
6559	20
6560	20
6561	22
6562	28
6563	17
6564	15
6565	16
6566	17
6567	19
6568	20
6569	28
6570	26
6571	19
6572	21
6573	22
6574	16
6575	20
6576	22
6577	25
6578	23
6579	25
6580	21
6581	16
6582	17
6583	25
6584	20
6585	30
6586	20
6587	22
6588	26
6589	20
6590	24
6591	24
6592	21
6593	24
6594	17
6595	17
6596	18
6597	26
6598	17
6599	14
6600	28
6601	33
6602	22
6603	23
6604	16
6605	17
6606	23
6607	28
6608	36
6609	30
6610	19
6611	16
6612	15
6613	23
6614	23
6615	25
6616	20
6617	18
6618	19
6619	23
6620	14
6621	24
6622	24
6623	25
6624	17
6625	21
6626	16
6627	21
6628	23
6629	20
6630	20
6631	16
6632	19
6633	16
6634	25
6635	21
6636	16
6637	26
6638	26
6639	19
6640	13
6641	20
6642	20
6643	16
6644	27
6645	19
6646	19
6647	17
6648	18
6649	18
6650	20
6651	23
6652	21
6653	24
6654	19
6655	24
6656	25
6657	23
6658	25
6659	20
6660	25
6661	19
6662	27
6663	22
6664	14
6665	25
6666	22
6667	23
6668	22
6669	25
6670	22
6671	21
6672	19
6673	21
6674	25
6675	13
6676	22
6677	19
6678	30
6679	14
6680	26
6681	17
6682	17
6683	24
6684	29
6685	20
6686	12
6687	14
6688	19
6689	13
6690	21
6691	19
6692	18
6693	20
6694	24
6695	20
6696	19
6697	20
6698	18
6699	17
6700	19
6701	18
6702	24
6703	19
6704	21
6705	21
6706	24
6707	26
6708	22
6709	18
6710	23
6711	7
6712	18
6713	20
6714	20
6715	14
6716	25
6717	16
6718	13
6719	17
6720	22
6721	19
6722	16
6723	22
6724	25
6725	22
6726	20
6727	21
6728	24
6729	23
6730	21
6731	20
6732	24
6733	20
6734	21
6735	12
6736	20
6737	16
6738	16
6739	28
6740	17
6741	19
6742	23
6743	15
6744	19
6745	12
6746	21
6747	17
6748	24
6749	22
6750	19
6751	27
6752	18
6753	22
6754	23
6755	15
6756	13
6757	24
6758	13
6759	22
6760	13
6761	18
6762	15
6763	23
6764	18
6765	11
6766	7
6767	22
6768	16
6769	15
6770	24
6771	17
6772	19
6773	20
6774	20
6775	23
6776	21
6777	19
6778	17
6779	28
6780	16
6781	27
6782	15
6783	16
6784	14
6785	20
6786	11
6787	15
6788	26
6789	18
6790	20
6791	16
6792	18
6793	24
6794	22
6795	24
6796	17
6797	21
6798	19
6799	26
6800	20
6801	16
6802	21
6803	26
6804	17
6805	18
6806	21
6807	21
6808	20
6809	17
6810	21
6811	16
6812	22
6813	16
6814	11
6815	25
6816	26
6817	25
6818	18
6819	24
6820	28
6821	25
6822	16
6823	15
6824	21
6825	18
6826	19
6827	31
6828	23
6829	17
6830	23
6831	18
6832	27
6833	18
6834	26
6835	25
6836	20
6837	19
6838	20
6839	20
6840	23
6841	24
6842	14
6843	23
6844	16
6845	20
6846	9
6847	14
6848	15
6849	20
6850	19
6851	26
6852	13
6853	18
6854	25
6855	27
6856	14
6857	18
6858	20
6859	15
6860	24
6861	16
6862	25
6863	18
6864	19
6865	15
6866	21
6867	27
6868	20
6869	11
6870	26
6871	19
6872	14
6873	16
6874	19
6875	18
6876	12
6877	20
6878	12
6879	22
6880	14
6881	12
6882	19
6883	23
6884	29
6885	10
6886	12
6887	13
6888	15
6889	16
6890	20
6891	22
6892	16
6893	16
6894	18
6895	15
6896	9
6897	21
6898	22
6899	11
6900	21
6901	14
6902	9
6903	16
6904	19
6905	15
6906	14
6907	19
6908	17
6909	18
6910	12
6911	21
6912	22
6913	21
6914	20
6915	11
6916	13
6917	21
6918	14
6919	18
6920	11
6921	25
6922	21
6923	23
6924	21
6925	23
6926	14
6927	17
6928	22
6929	21
6930	19
6931	21
6932	15
6933	20
6934	21
6935	22
6936	19
6937	21
6938	19
6939	20
6940	24
6941	16
6942	26
6943	21
6944	21
6945	28
6946	22
6947	25
6948	18
6949	18
6950	20
6951	13
6952	18
6953	9
6954	17
6955	21
6956	12
6957	11
6958	28
6959	20
6960	13
6961	18
6962	29
6963	10
6964	20
6965	22
6966	17
6967	13
6968	33
6969	12
6970	15
6971	13
6972	14
6973	18
6974	15
6975	24
6976	17
6977	20
6978	26
6979	22
6980	24
6981	16
6982	22
6983	21
6984	18
6985	26
6986	14
6987	21
6988	16
6989	21
6990	18
6991	17
6992	18
6993	11
6994	30
6995	24
6996	25
6997	24
6998	23
6999	18
7000	29
7001	25
7002	20
7003	19
7004	17
7005	11
7006	21
7007	14
7008	19
7009	13
7010	15
7011	21
7012	16
7013	28
7014	19
7015	25
7016	21
7017	10
7018	24
7019	23
7020	11
7021	14
7022	24
7023	22
7024	15
7025	23
7026	12
7027	21
7028	17
7029	13
7030	15
7031	27
7032	18
7033	16
7034	15
7035	15
7036	21
7037	19
7038	9
7039	18
7040	17
7041	17
7042	16
7043	16
7044	14
7045	18
7046	13
7047	15
7048	17
7049	20
7050	22
7051	19
7052	16
7053	13
7054	21
7055	14
7056	14
7057	18
7058	9
7059	12
7060	21
7061	12
7062	24
7063	16
7064	15
7065	20
7066	17
7067	21
7068	29
7069	13
7070	21
7071	12
7072	22
7073	12
7074	19
7075	21
7076	15
7077	27
7078	13
7079	22
7080	19
7081	16
7082	17
7083	9
7084	15
7085	25
7086	15
7087	23
7088	12
7089	16
7090	22
7091	12
7092	17
7093	17
7094	18
7095	22
7096	18
7097	20
7098	20
7099	18
7100	19
7101	20
7102	24
7103	15
7104	20
7105	18
7106	13
7107	12
7108	22
7109	22
7110	23
7111	23
7112	14
7113	10
7114	19
7115	12
7116	13
7117	21
7118	18
7119	17
7120	17
7121	19
7122	28
7123	15
7124	19
7125	20
7126	15
7127	9
7128	19
7129	14
7130	15
7131	7
7132	18
7133	14
7134	18
7135	21
7136	18
7137	16
7138	19
7139	19
7140	17
7141	20
7142	21
7143	16
7144	12
7145	11
7146	17
7147	9
7148	18
7149	15
7150	19
7151	12
7152	12
7153	17
7154	18
7155	20
7156	19
7157	11
7158	11
7159	19
7160	20
7161	22
7162	18
7163	15
7164	15
7165	24
7166	18
7167	17
7168	19
7169	23
7170	16
7171	17
7172	15
7173	16
7174	17
7175	24
7176	15
7177	22
7178	18
7179	13
7180	13
7181	19
7182	18
7183	16
7184	13
7185	18
7186	17
7187	11
7188	16
7189	13
7190	10
7191	18
7192	11
7193	21
7194	17
7195	15
7196	28
7197	22
7198	16
7199	25
7200	13
7201	24
7202	20
7203	25
7204	18
7205	16
7206	23
7207	19
7208	15
7209	19
7210	18
7211	19
7212	20
7213	12
7214	19
7215	18
7216	15
7217	18
7218	19
7219	21
7220	17
7221	25
7222	11
7223	13
7224	23
7225	16
7226	18
7227	21
7228	14
7229	19
7230	27
7231	20
7232	18
7233	21
7234	22
7235	22
7236	22
7237	17
7238	17
7239	14
7240	27
7241	18
7242	20
7243	15
7244	16
7245	18
7246	13
7247	17
7248	18
7249	22
7250	17
7251	27
7252	14
7253	21
7254	16
7255	17
7256	13
7257	17
7258	13
7259	17
7260	15
7261	17
7262	24
7263	17
7264	21
7265	18
7266	18
7267	12
7268	17
7269	12
7270	14
7271	16
7272	16
7273	18
7274	20
7275	17
7276	16
7277	19
7278	21
7279	15
7280	16
7281	20
7282	22
7283	16
7284	22
7285	17
7286	9
7287	24
7288	15
7289	16
7290	13
7291	17
7292	13
7293	21
7294	9
7295	18
7296	13
7297	21
7298	17
7299	14
7300	15
7301	23
7302	23
7303	19
7304	20
7305	16
7306	17
7307	17
7308	14
7309	12
7310	16
7311	16
7312	9
7313	15
7314	31
7315	9
7316	13
7317	15
7318	19
7319	16
7320	21
7321	15
7322	19
7323	14
7324	21
7325	24
7326	12
7327	12
7328	14
7329	25
7330	12
7331	10
7332	23
7333	19
7334	14
7335	16
7336	15
7337	12
7338	22
7339	21
7340	14
7341	14
7342	14
7343	13
7344	14
7345	11
7346	14
7347	19
7348	19
7349	16
7350	26
7351	17
7352	15
7353	12
7354	10
7355	17
7356	20
7357	24
7358	12
7359	18
7360	7
7361	13
7362	9
7363	15
7364	20
7365	15
7366	16
7367	12
7368	16
7369	18
7370	23
7371	12
7372	12
7373	27
7374	23
7375	18
7376	14
7377	16
7378	12
7379	14
7380	14
7381	8
7382	12
7383	20
7384	15
7385	17
7386	10
7387	11
7388	12
7389	11
7390	27
7391	16
7392	13
7393	11
7394	18
7395	16
7396	16
7397	18
7398	16
7399	13
7400	18
7401	27
7402	13
7403	20
7404	12
7405	13
7406	18
7407	14
7408	25
7409	17
7410	19
7411	16
7412	10
7413	17
7414	24
7415	13
7416	16
7417	10
7418	18
7419	15
7420	14
7421	17
7422	18
7423	23
7424	15
7425	11
7426	16
7427	14
7428	17
7429	16
7430	17
7431	11
7432	23
7433	17
7434	13
7435	14
7436	18
7437	10
7438	20
7439	16
7440	18
7441	18
7442	13
7443	14
7444	17
7445	22
7446	16
7447	24
7448	14
7449	15
7450	11
7451	13
7452	19
7453	18
7454	16
7455	20
7456	12
7457	19
7458	16
7459	16
7460	13
7461	23
7462	13
7463	23
7464	20
7465	14
7466	11
7467	16
7468	25
7469	14
7470	15
7471	18
7472	17
7473	14
7474	22
7475	16
7476	23
7477	13
7478	28
7479	14
7480	9
7481	19
7482	16
7483	17
7484	20
7485	6
7486	14
7487	12
7488	18
7489	15
7490	26
7491	10
7492	21
7493	19
7494	14
7495	22
7496	22
7497	13
7498	17
7499	16
7500	18
7501	21
7502	18
7503	20
7504	11
7505	18
7506	14
7507	14
7508	11
7509	21
7510	19
7511	23
7512	15
7513	21
7514	24
7515	11
7516	19
7517	13
7518	17
7519	17
7520	21
7521	14
7522	17
7523	19
7524	23
7525	12
7526	8
7527	16
7528	14
7529	19
7530	18
7531	16
7532	16
7533	12
7534	10
7535	17
7536	20
7537	13
7538	16
7539	9
7540	18
7541	11
7542	15
7543	18
7544	15
7545	8
7546	12
7547	19
7548	20
7549	21
7550	19
7551	17
7552	29
7553	15
7554	15
7555	14
7556	15
7557	16
7558	13
7559	14
7560	11
7561	17
7562	30
7563	8
7564	12
7565	22
7566	12
7567	17
7568	14
7569	10
7570	15
7571	12
7572	18
7573	19
7574	11
7575	8
7576	16
7577	13
7578	10
7579	10
7580	18
7581	20
7582	14
7583	12
7584	15
7585	10
7586	14
7587	14
7588	15
7589	20
7590	21
7591	15
7592	17
7593	19
7594	24
7595	17
7596	14
7597	9
7598	12
7599	18
7600	12
7601	23
7602	17
7603	12
7604	20
7605	15
7606	13
7607	15
7608	9
7609	14
7610	15
7611	15
7612	14
7613	15
7614	20
7615	12
7616	16
7617	20
7618	13
7619	13
7620	13
7621	18
7622	9
7623	14
7624	8
7625	17
7626	11
7627	18
7628	15
7629	14
7630	15
7631	13
7632	12
7633	16
7634	19
7635	15
7636	9
7637	15
7638	15
7639	18
7640	15
7641	15
7642	12
7643	15
7644	19
7645	9
7646	17
7647	12
7648	20
7649	21
7650	14
7651	13
7652	18
7653	16
7654	9
7655	23
7656	23
7657	18
7658	11
7659	15
7660	10
7661	14
7662	16
7663	13
7664	14
7665	13
7666	20
7667	14
7668	12
7669	13
7670	19
7671	9
7672	16
7673	15
7674	16
7675	12
7676	16
7677	13
7678	14
7679	14
7680	10
7681	17
7682	10
7683	21
7684	9
7685	14
7686	17
7687	15
7688	18
7689	15
7690	13
7691	16
7692	12
7693	12
7694	19
7695	13
7696	13
7697	8
7698	21
7699	18
7700	17
7701	14
7702	6
7703	21
7704	15
7705	24
7706	15
7707	12
7708	16
7709	17
7710	11
7711	11
7712	17
7713	14
7714	20
7715	14
7716	11
7717	12
7718	12
7719	12
7720	20
7721	17
7722	16
7723	9
7724	13
7725	11
7726	7
7727	12
7728	18
7729	24
7730	20
7731	15
7732	14
7733	11
7734	13
7735	21
7736	10
7737	15
7738	8
7739	16
7740	12
7741	18
7742	13
7743	16
7744	9
7745	12
7746	10
7747	18
7748	20
7749	18
7750	10
7751	11
7752	10
7753	18
7754	12
7755	14
7756	14
7757	20
7758	19
7759	12
7760	13
7761	18
7762	12
7763	14
7764	13
7765	14
7766	13
7767	15
7768	18
7769	18
7770	15
7771	13
7772	15
7773	19
7774	9
7775	21
7776	13
7777	16
7778	13
7779	19
7780	9
7781	21
7782	12
7783	12
7784	20
7785	13
7786	13
7787	12
7788	7
7789	16
7790	13
7791	14
7792	20
7793	11
7794	16
7795	18
7796	12
7797	15
7798	11
7799	13
7800	14
7801	15
7802	18
7803	13
7804	17
7805	20
7806	19
7807	16
7808	13
7809	13
7810	16
7811	15
7812	21
7813	11
7814	14
7815	14
7816	3
7817	18
7818	17
7819	15
7820	18
7821	12
7822	8
7823	25
7824	13
7825	13
7826	25
7827	15
7828	17
7829	14
7830	14
7831	11
7832	15
7833	10
7834	9
7835	10
7836	23
7837	16
7838	12
7839	12
7840	17
7841	7
7842	13
7843	15
7844	13
7845	15
7846	15
7847	13
7848	19
7849	15
7850	16
7851	9
7852	16
7853	10
7854	13
7855	10
7856	7
7857	7
7858	9
7859	16
7860	15
7861	13
7862	16
7863	14
7864	17
7865	11
7866	13
7867	12
7868	11
7869	8
7870	15
7871	9
7872	11
7873	16
7874	8
7875	14
7876	17
7877	13
7878	8
7879	7
7880	9
7881	20
7882	11
7883	16
7884	14
7885	10
7886	16
7887	14
7888	13
7889	9
7890	15
7891	24
7892	13
7893	12
7894	10
7895	12
7896	14
7897	7
7898	8
7899	14
7900	11
7901	10
7902	10
7903	15
7904	17
7905	11
7906	18
7907	12
7908	10
7909	12
7910	16
7911	17
7912	17
7913	9
7914	14
7915	11
7916	6
7917	9
7918	18
7919	23
7920	19
7921	13
7922	17
7923	10
7924	15
7925	14
7926	12
7927	10
7928	9
7929	13
7930	19
7931	12
7932	14
7933	13
7934	13
7935	11
7936	15
7937	17
7938	13
7939	12
7940	15
7941	11
7942	15
7943	12
7944	13
7945	11
7946	9
7947	11
7948	11
7949	13
7950	13
7951	17
7952	14
7953	10
7954	13
7955	19
7956	14
7957	13
7958	14
7959	13
7960	13
7961	16
7962	12
7963	7
7964	15
7965	12
7966	11
7967	18
7968	9
7969	10
7970	22
7971	8
7972	14
7973	9
7974	5
7975	10
7976	16
7977	13
7978	17
7979	13
7980	9
7981	19
7982	11
7983	12
7984	13
7985	19
7986	8
7987	10
7988	12
7989	11
7990	11
7991	16
7992	9
7993	22
7994	12
7995	15
7996	17
7997	9
7998	10
7999	15
8000	15
8001	15
8002	11
8003	13
8004	12
8005	20
8006	9
8007	14
8008	15
8009	15
8010	16
8011	14
8012	17
8013	18
8014	4
8015	12
8016	21
8017	15
8018	15
8019	17
8020	9
8021	12
8022	18
8023	17
8024	11
8025	20
8026	12
8027	11
8028	12
8029	10
8030	15
8031	18
8032	10
8033	9
8034	15
8035	17
8036	9
8037	14
8038	17
8039	15
8040	10
8041	9
8042	9
8043	13
8044	13
8045	15
8046	15
8047	12
8048	12
8049	11
8050	15
8051	14
8052	18
8053	6
8054	8
8055	8
8056	10
8057	19
8058	12
8059	13
8060	10
8061	9
8062	14
8063	14
8064	9
8065	10
8066	12
8067	16
8068	12
8069	13
8070	12
8071	6
8072	5
8073	13
8074	13
8075	13
8076	8
8077	15
8078	6
8079	8
8080	19
8081	13
8082	12
8083	11
8084	11
8085	10
8086	14
8087	10
8088	15
8089	13
8090	15
8091	8
8092	13
8093	13
8094	7
8095	13
8096	20
8097	16
8098	24
8099	12
8100	13
8101	7
8102	9
8103	11
8104	13
8105	8
8106	13
8107	16
8108	6
8109	11
8110	20
8111	14
8112	12
8113	16
8114	6
8115	10
8116	14
8117	12
8118	11
8119	13
8120	13
8121	14
8122	8
8123	9
8124	17
8125	13
8126	12
8127	12
8128	15
8129	12
8130	9
8131	11
8132	14
8133	13
8134	10
8135	10
8136	11
8137	19
8138	12
8139	13
8140	15
8141	16
8142	12
8143	16
8144	14
8145	10
8146	12
8147	10
8148	6
8149	8
8150	19
8151	14
8152	12
8153	7
8154	20
8155	12
8156	10
8157	7
8158	18
8159	14
8160	14
8161	11
8162	14
8163	18
8164	7
8165	7
8166	17
8167	14
8168	10
8169	12
8170	11
8171	9
8172	15
8173	14
8174	11
8175	9
8176	11
8177	15
8178	17
8179	14
8180	12
8181	11
8182	11
8183	14
8184	8
8185	13
8186	11
8187	17
8188	11
8189	10
8190	15
8191	11
8192	14
8193	12
8194	15
8195	12
8196	14
8197	12
8198	12
8199	13
8200	10
8201	9
8202	13
8203	12
8204	13
8205	20
8206	9
8207	14
8208	15
8209	10
8210	12
8211	4
8212	19
8213	14
8214	19
8215	12
8216	10
8217	8
8218	12
8219	10
8220	19
8221	13
8222	12
8223	11
8224	9
8225	15
8226	11
8227	10
8228	12
8229	13
8230	8
8231	6
8232	12
8233	11
8234	14
8235	12
8236	13
8237	15
8238	7
8239	11
8240	10
8241	11
8242	16
8243	13
8244	8
8245	6
8246	11
8247	10
8248	11
8249	10
8250	12
8251	13
8252	17
8253	8
8254	15
8255	11
8256	21
8257	11
8258	14
8259	10
8260	16
8261	10
8262	11
8263	10
8264	10
8265	9
8266	10
8267	7
8268	13
8269	7
8270	16
8271	9
8272	13
8273	10
8274	15
8275	13
8276	9
8277	7
8278	6
8279	16
8280	8
8281	15
8282	11
8283	12
8284	12
8285	8
8286	16
8287	10
8288	14
8289	7
8290	12
8291	13
8292	9
8293	14
8294	15
8295	6
8296	11
8297	12
8298	10
8299	11
8300	6
8301	13
8302	11
8303	14
8304	7
8305	12
8306	21
8307	16
8308	12
8309	14
8310	11
8311	9
8312	9
8313	4
8314	10
8315	13
8316	12
8317	11
8318	7
8319	7
8320	10
8321	12
8322	7
8323	11
8324	10
8325	13
8326	11
8327	10
8328	10
8329	12
8330	10
8331	13
8332	10
8333	16
8334	14
8335	12
8336	12
8337	12
8338	11
8339	19
8340	9
8341	16
8342	14
8343	8
8344	8
8345	5
8346	17
8347	6
8348	9
8349	14
8350	10
8351	14
8352	11
8353	7
8354	13
8355	13
8356	11
8357	17
8358	14
8359	5
8360	13
8361	15
8362	18
8363	14
8364	10
8365	10
8366	17
8367	9
8368	10
8369	13
8370	7
8371	8
8372	5
8373	4
8374	4
8375	13
8376	8
8377	11
8378	8
8379	10
8380	16
8381	17
8382	19
8383	9
8384	14
8385	10
8386	7
8387	9
8388	11
8389	16
8390	16
8391	12
8392	9
8393	15
8394	9
8395	11
8396	8
8397	3
8398	17
8399	11
8400	15
8401	14
8402	12
8403	10
8404	8
8405	10
8406	10
8407	7
8408	5
8409	12
8410	10
8411	13
8412	17
8413	12
8414	10
8415	3
8416	17
8417	9
8418	13
8419	13
8420	9
8421	10
8422	11
8423	9
8424	7
8425	13
8426	7
8427	13
8428	14
8429	6
8430	13
8431	13
8432	9
8433	14
8434	8
8435	11
8436	17
8437	13
8438	11
8439	13
8440	13
8441	20
8442	6
8443	13
8444	10
8445	8
8446	17
8447	14
8448	8
8449	11
8450	18
8451	6
8452	9
8453	5
8454	8
8455	16
8456	8
8457	11
8458	13
8459	13
8460	11
8461	6
8462	11
8463	6
8464	7
8465	10
8466	12
8467	16
8468	7
8469	12
8470	9
8471	11
8472	16
8473	13
8474	11
8475	16
8476	6
8477	7
8478	9
8479	10
8480	9
8481	10
8482	9
8483	5
8484	18
8485	13
8486	8
8487	9
8488	12
8489	15
8490	8
8491	11
8492	15
8493	9
8494	7
8495	3
8496	9
8497	10
8498	10
8499	14
8500	11
8501	10
8502	9
8503	14
8504	11
8505	16
8506	7
8507	9
8508	11
8509	18
8510	10
8511	6
8512	8
8513	7
8514	10
8515	10
8516	16
8517	14
8518	12
8519	13
8520	4
8521	4
8522	11
8523	7
8524	11
8525	11
8526	11
8527	7
8528	11
8529	6
8530	6
8531	10
8532	15
8533	9
8534	12
8535	13
8536	10
8537	11
8538	11
8539	16
8540	10
8541	16
8542	15
8543	8
8544	15
8545	11
8546	11
8547	6
8548	13
8549	12
8550	10
8551	10
8552	11
8553	12
8554	14
8555	15
8556	10
8557	18
8558	6
8559	13
8560	5
8561	9
8562	12
8563	8
8564	10
8565	13
8566	9
8567	10
8568	15
8569	14
8570	14
8571	7
8572	7
8573	3
8574	10
8575	5
8576	9
8577	10
8578	14
8579	15
8580	10
8581	10
8582	7
8583	12
8584	11
8585	16
8586	13
8587	10
8588	7
8589	13
8590	7
8591	10
8592	8
8593	15
8594	10
8595	9
8596	6
8597	10
8598	17
8599	13
8600	4
8601	9
8602	14
8603	8
8604	9
8605	11
8606	9
8607	14
8608	9
8609	9
8610	9
8611	10
8612	8
8613	13
8614	11
8615	7
8616	7
8617	9
8618	9
8619	12
8620	10
8621	10
8622	13
8623	13
8624	15
8625	7
8626	11
8627	2
8628	9
8629	8
8630	14
8631	11
8632	14
8633	11
8634	6
8635	8
8636	15
8637	4
8638	10
8639	11
8640	11
8641	8
8642	10
8643	15
8644	13
8645	10
8646	10
8647	11
8648	7
8649	10
8650	8
8651	10
8652	11
8653	5
8654	7
8655	17
8656	6
8657	9
8658	9
8659	12
8660	12
8661	6
8662	13
8663	7
8664	8
8665	10
8666	8
8667	7
8668	6
8669	7
8670	15
8671	14
8672	6
8673	10
8674	12
8675	10
8676	7
8677	7
8678	15
8679	10
8680	16
8681	15
8682	16
8683	9
8684	9
8685	7
8686	10
8687	9
8688	18
8689	14
8690	10
8691	9
8692	9
8693	10
8694	9
8695	12
8696	10
8697	9
8698	11
8699	9
8700	6
8701	11
8702	17
8703	9
8704	12
8705	7
8706	13
8707	9
8708	16
8709	13
8710	16
8711	16
8712	13
8713	7
8714	13
8715	13
8716	4
8717	11
8718	9
8719	12
8720	8
8721	12
8722	14
8723	8
8724	11
8725	11
8726	12
8727	15
8728	7
8729	5
8730	9
8731	13
8732	17
8733	7
8734	10
8735	11
8736	13
8737	10
8738	15
8739	10
8740	13
8741	6
8742	8
8743	4
8744	7
8745	15
8746	11
8747	8
8748	4
8749	10
8750	16
8751	7
8752	15
8753	10
8754	9
8755	10
8756	11
8757	8
8758	7
8759	11
8760	10
8761	9
8762	11
8763	15
8764	9
8765	13
8766	11
8767	16
8768	15
8769	9
8770	12
8771	12
8772	14
8773	9
8774	8
8775	12
8776	18
8777	9
8778	3
8779	12
8780	10
8781	9
8782	14
8783	9
8784	9
8785	11
8786	10
8787	13
8788	6
8789	7
8790	12
8791	14
8792	12
8793	12
8794	10
8795	9
8796	12
8797	10
8798	15
8799	14
8800	12
8801	11
8802	11
8803	8
8804	10
8805	8
8806	5
8807	8
8808	9
8809	8
8810	7
8811	10
8812	6
8813	13
8814	8
8815	16
8816	14
8817	8
8818	11
8819	7
8820	13
8821	11
8822	13
8823	10
8824	12
8825	10
8826	6
8827	10
8828	14
8829	12
8830	11
8831	11
8832	9
8833	14
8834	5
8835	7
8836	9
8837	14
8838	15
8839	17
8840	15
8841	8
8842	8
8843	14
8844	11
8845	9
8846	7
8847	10
8848	16
8849	13
8850	10
8851	10
8852	6
8853	7
8854	8
8855	9
8856	12
8857	8
8858	7
8859	6
8860	9
8861	10
8862	5
8863	10
8864	14
8865	14
8866	12
8867	15
8868	9
8869	13
8870	7
8871	8
8872	12
8873	14
8874	13
8875	6
8876	9
8877	9
8878	9
8879	8
8880	5
8881	13
8882	13
8883	6
8884	8
8885	7
8886	9
8887	4
8888	9
8889	5
8890	8
8891	8
8892	9
8893	6
8894	9
8895	8
8896	9
8897	6
8898	12
8899	13
8900	6
8901	11
8902	13
8903	3
8904	12
8905	11
8906	14
8907	19
8908	12
8909	16
8910	9
8911	7
8912	9
8913	6
8914	7
8915	14
8916	11
8917	12
8918	9
8919	6
8920	5
8921	7
8922	12
8923	11
8924	11
8925	11
8926	4
8927	7
8928	7
8929	8
8930	7
8931	11
8932	11
8933	11
8934	8
8935	10
8936	4
8937	11
8938	11
8939	12
8940	4
8941	14
8942	6
8943	14
8944	13
8945	15
8946	14
8947	10
8948	15
8949	8
8950	13
8951	5
8952	8
8953	10
8954	14
8955	6
8956	10
8957	13
8958	13
8959	4
8960	7
8961	13
8962	11
8963	5
8964	12
8965	13
8966	9
8967	11
8968	4
8969	8
8970	5
8971	7
8972	4
8973	8
8974	13
8975	12
8976	7
8977	8
8978	6
8979	16
8980	11
8981	11
8982	9
8983	13
8984	10
8985	6
8986	12
8987	5
8988	4
8989	11
8990	10
8991	9
8992	11
8993	4
8994	8
8995	9
8996	14
8997	14
8998	15
8999	8
9000	11
9001	9
9002	14
9003	8
9004	9
9005	12
9006	18
9007	3
9008	6
9009	14
9010	8
9011	9
9012	7
9013	9
9014	10
9015	8
9016	10
9017	8
9018	6
9019	8
9020	8
9021	13
9022	6
9023	9
9024	7
9025	6
9026	13
9027	8
9028	10
9029	8
9030	5
9031	12
9032	20
9033	5
9034	11
9035	8
9036	15
9037	5
9038	10
9039	6
9040	10
9041	10
9042	10
9043	7
9044	8
9045	8
9046	8
9047	9
9048	15
9049	14
9050	6
9051	6
9052	6
9053	11
9054	5
9055	9
9056	5
9057	10
9058	14
9059	16
9060	3
9061	15
9062	9
9063	4
9064	10
9065	14
9066	9
9067	13
9068	10
9069	12
9070	17
9071	6
9072	7
9073	6
9074	15
9075	17
9076	12
9077	9
9078	8
9079	8
9080	11
9081	12
9082	7
9083	6
9084	7
9085	5
9086	7
9087	8
9088	8
9089	7
9090	11
9091	5
9092	10
9093	8
9094	9
9095	9
9096	9
9097	13
9098	9
9099	9
9100	6
9101	8
9102	13
9103	6
9104	17
9105	5
9106	14
9107	17
9108	9
9109	8
9110	13
9111	8
9112	4
9113	5
9114	7
9115	9
9116	9
9117	11
9118	13
9119	9
9120	8
9121	10
9122	11
9123	10
9124	7
9125	11
9126	10
9127	5
9128	8
9129	12
9130	7
9131	4
9132	8
9133	2
9134	6
9135	7
9136	11
9137	6
9138	6
9139	14
9140	12
9141	9
9142	8
9143	9
9144	9
9145	6
9146	11
9147	11
9148	5
9149	7
9150	9
9151	7
9152	9
9153	8
9154	9
9155	17
9156	8
9157	7
9158	7
9159	6
9160	6
9161	10
9162	8
9163	3
9164	11
9165	8
9166	8
9167	15
9168	14
9169	5
9170	11
9171	10
9172	11
9173	17
9174	8
9175	12
9176	7
9177	8
9178	8
9179	11
9180	7
9181	8
9182	10
9183	4
9184	17
9185	8
9186	6
9187	6
9188	9
9189	7
9190	9
9191	8
9192	7
9193	8
9194	7
9195	9
9196	10
9197	9
9198	5
9199	13
9200	6
9201	8
9202	10
9203	7
9204	8
9205	10
9206	6
9207	8
9208	8
9209	9
9210	8
9211	5
9212	10
9213	11
9214	8
9215	3
9216	7
9217	6
9218	4
9219	8
9220	8
9221	9
9222	18
9223	9
9224	8
9225	6
9226	6
9227	9
9228	7
9229	5
9230	10
9231	6
9232	10
9233	12
9234	7
9235	4
9236	7
9237	12
9238	9
9239	7
9240	10
9241	8
9242	9
9243	4
9244	6
9245	4
9246	7
9247	10
9248	13
9249	7
9250	7
9251	6
9252	8
9253	6
9254	7
9255	7
9256	7
9257	9
9258	8
9259	6
9260	9
9261	11
9262	9
9263	11
9264	14
9265	9
9266	6
9267	10
9268	11
9269	8
9270	12
9271	9
9272	6
9273	10
9274	12
9275	7
9276	14
9277	10
9278	10
9279	14
9280	5
9281	8
9282	6
9283	6
9284	10
9285	6
9286	8
9287	6
9288	9
9289	9
9290	8
9291	9
9292	10
9293	6
9294	11
9295	10
9296	10
9297	7
9298	5
9299	12
9300	13
9301	7
9302	6
9303	8
9304	13
9305	11
9306	8
9307	5
9308	15
9309	7
9310	9
9311	6
9312	10
9313	11
9314	7
9315	9
9316	7
9317	9
9318	12
9319	14
9320	6
9321	4
9322	6
9323	13
9324	17
9325	5
9326	10
9327	13
9328	15
9329	6
9330	6
9331	9
9332	8
9333	3
9334	4
9335	10
9336	6
9337	9
9338	8
9339	7
9340	7
9341	6
9342	6
9343	8
9344	9
9345	9
9346	8
9347	6
9348	12
9349	7
9350	10
9351	10
9352	9
9353	9
9354	12
9355	9
9356	9
9357	8
9358	8
9359	7
9360	6
9361	8
9362	12
9363	9
9364	8
9365	8
9366	8
9367	7
9368	11
9369	8
9370	8
9371	10
9372	14
9373	4
9374	16
9375	11
9376	14
9377	11
9378	10
9379	11
9380	4
9381	12
9382	14
9383	8
9384	9
9385	9
9386	11
9387	8
9388	5
9389	8
9390	9
9391	9
9392	11
9393	4
9394	10
9395	9
9396	9
9397	11
9398	7
9399	7
9400	7
9401	6
9402	10
9403	10
9404	15
9405	9
9406	10
9407	12
9408	14
9409	10
9410	4
9411	15
9412	13
9413	6
9414	12
9415	8
9416	8
9417	6
9418	12
9419	8
9420	7
9421	7
9422	11
9423	13
9424	11
9425	5
9426	9
9427	9
9428	3
9429	8
9430	11
9431	6
9432	11
9433	8
9434	7
9435	7
9436	10
9437	8
9438	11
9439	10
9440	6
9441	7
9442	7
9443	3
9444	9
9445	6
9446	9
9447	10
9448	16
9449	14
9450	7
9451	10
9452	11
9453	9
9454	11
9455	6
9456	4
9457	7
9458	9
9459	14
9460	6
9461	7
9462	9
9463	6
9464	6
9465	11
9466	8
9467	5
9468	11
9469	11
9470	7
9471	5
9472	6
9473	7
9474	10
9475	6
9476	9
9477	10
9478	8
9479	5
9480	8
9481	9
9482	6
9483	10
9484	7
9485	6
9486	9
9487	2
9488	9
9489	8
9490	3
9491	4
9492	9
9493	9
9494	6
9495	6
9496	1
9497	10
9498	13
9499	6
9500	8
9501	12
9502	11
9503	3
9504	6
9505	5
9506	6
9507	12
9508	5
9509	13
9510	11
9511	2
9512	8
9513	8
9514	5
9515	9
9516	7
9517	8
9518	7
9519	8
9520	8
9521	5
9522	10
9523	7
9524	4
9525	15
9526	9
9527	3
9528	8
9529	13
9530	9
9531	6
9532	11
9533	6
9534	9
9535	14
9536	5
9537	1
9538	9
9539	15
9540	7
9541	15
9542	14
9543	9
9544	7
9545	10
9546	10
9547	7
9548	7
9549	12
9550	12
9551	8
9552	9
9553	9
9554	7
9555	13
9556	7
9557	7
9558	7
9559	9
9560	8
9561	3
9562	9
9563	3
9564	9
9565	5
9566	5
9567	18
9568	9
9569	6
9570	9
9571	7
9572	12
9573	7
9574	8
9575	7
9576	7
9577	9
9578	8
9579	11
9580	15
9581	3
9582	8
9583	11
9584	5
9585	14
9586	7
9587	2
9588	7
9589	6
9590	10
9591	5
9592	9
9593	9
9594	9
9595	8
9596	10
9597	9
9598	8
9599	9
9600	2
9601	7
9602	6
9603	5
9604	8
9605	9
9606	12
9607	7
9608	10
9609	7
9610	6
9611	6
9612	10
9613	11
9614	7
9615	8
9616	11
9617	9
9618	15
9619	7
9620	16
9621	11
9622	10
9623	7
9624	10
9625	4
9626	8
9627	8
9628	5
9629	12
9630	2
9631	8
9632	4
9633	7
9634	6
9635	11
9636	8
9637	9
9638	10
9639	6
9640	7
9641	9
9642	6
9643	8
9644	9
9645	8
9646	5
9647	9
9648	8
9649	11
9650	13
9651	8
9652	6
9653	9
9654	6
9655	5
9656	4
9657	12
9658	6
9659	7
9660	10
9661	7
9662	11
9663	7
9664	10
9665	6
9666	9
9667	12
9668	10
9669	12
9670	9
9671	6
9672	7
9673	6
9674	12
9675	7
9676	5
9677	4
9678	13
9679	9
9680	5
9681	8
9682	10
9683	4
9684	10
9685	9
9686	11
9687	6
9688	11
9689	7
9690	8
9691	8
9692	8
9693	9
9694	11
9695	9
9696	7
9697	10
9698	11
9699	11
9700	10
9701	8
9702	8
9703	3
9704	10
9705	7
9706	7
9707	11
9708	5
9709	7
9710	7
9711	8
9712	8
9713	10
9714	10
9715	6
9716	9
9717	8
9718	7
9719	7
9720	11
9721	3
9722	12
9723	7
9724	8
9725	14
9726	9
9727	13
9728	10
9729	11
9730	6
9731	4
9732	14
9733	5
9734	7
9735	13
9736	10
9737	6
9738	1
9739	5
9740	12
9741	7
9742	10
9743	6
9744	11
9745	5
9746	9
9747	8
9748	10
9749	5
9750	6
9751	8
9752	6
9753	5
9754	9
9755	6
9756	6
9757	7
9758	16
9759	10
9760	11
9761	8
9762	8
9763	5
9764	5
9765	13
9766	7
9767	5
9768	10
9769	8
9770	13
9771	6
9772	3
9773	8
9774	5
9775	8
9776	15
9777	11
9778	4
9779	8
9780	7
9781	6
9782	5
9783	8
9784	7
9785	7
9786	4
9787	6
9788	9
9789	6
9790	10
9791	5
9792	2
9793	7
9794	4
9795	9
9796	5
9797	8
9798	5
9799	9
9800	8
9801	2
9802	6
9803	6
9804	11
9805	3
9806	6
9807	4
9808	10
9809	9
9810	4
9811	3
9812	5
9813	9
9814	11
9815	4
9816	5
9817	10
9818	8
9819	10
9820	5
9821	7
9822	8
9823	4
9824	10
9825	6
9826	6
9827	8
9828	6
9829	9
9830	5
9831	7
9832	10
9833	11
9834	8
9835	9
9836	3
9837	5
9838	7
9839	7
9840	12
9841	4
9842	6
9843	5
9844	10
9845	8
9846	8
9847	6
9848	9
9849	3
9850	8
9851	9
9852	8
9853	6
9854	5
9855	7
9856	4
9857	11
9858	7
9859	1
9860	4
9861	4
9862	9
9863	6
9864	5
9865	12
9866	6
9867	5
9868	6
9869	8
9870	14
9871	7
9872	13
9873	7
9874	6
9875	9
9876	9
9877	10
9878	9
9879	8
9880	12
9881	9
9882	4
9883	3
9884	9
9885	16
9886	9
9887	7
9888	6
9889	13
9890	10
9891	7
9892	7
9893	8
9894	6
9895	8
9896	6
9897	3
9898	11
9899	5
9900	9
9901	6
9902	14
9903	11
9904	8
9905	5
9906	4
9907	9
9908	8
9909	7
9910	10
9911	5
9912	13
9913	7
9914	11
9915	9
9916	5
9917	9
9918	4
9919	6
9920	5
9921	9
9922	4
9923	7
9924	5
9925	9
9926	6
9927	7
9928	7
9929	15
9930	5
9931	11
9932	8
9933	7
9934	7
9935	8
9936	5
9937	6
9938	9
9939	6
9940	5
9941	6
9942	10
9943	11
9944	12
9945	6
9946	12
9947	10
9948	5
9949	6
9950	7
9951	2
9952	9
9953	7
9954	13
9955	6
9956	6
9957	8
9958	3
9959	12
9960	6
9961	5
9962	7
9963	9
9964	5
9965	7
9966	7
9967	8
9968	9
9969	8
9970	6
9971	8
9972	8
9973	5
9974	6
9975	5
9976	3
9977	11
9978	6
9979	8
9980	7
9981	7
9982	9
9983	10
9984	7
9985	10
9986	6
9987	8
9988	12
9989	3
9990	5
9991	3
9992	13
9993	7
9994	10
9995	6
9996	8
9997	15
9998	7
9999	8
10000	58894
